1.298144518332815096e+02 4.697131854714014843e+00 8.137516855633439405e+00
1.299161254907634770e+02 4.908040423391155649e+00 8.116118646302950879e+00
1.301555164405206142e+02 4.949872723885031967e+00 8.123129440252801814e+00
1.302258789958548277e+02 5.338188849986464923e+00 8.105370289151561991e+00
1.289198230837630774e+02 5.508251071729797665e+00 8.127759839618498461e+00
1.293912193684514307e+02 5.644087603135703013e+00 8.111052903946589510e+00
1.304020219176965725e+02 5.781697429555809897e+00 8.082723230050751440e+00
1.303459881585844471e+02 5.960239932668260465e+00 8.088763532522211364e+00
1.296775092062900967e+02 5.782466458845586743e+00 8.075908407988748650e+00
1.297728740794420901e+02 5.817968740193520283e+00 8.121176521854614805e+00
1.297724876167504817e+02 5.923792772941606444e+00 8.082384063396434115e+00
1.301313872621470580e+02 6.215490388001954081e+00 8.075212910925916532e+00
1.301286687562011366e+02 6.397328954666864576e+00 8.045664468753580323e+00
1.293751900902424552e+02 6.272337666070720630e+00 8.059001775939004020e+00
1.295018894632571289e+02 6.441973477860346797e+00 8.071979572355282073e+00
1.297262875461505587e+02 6.689587587756527398e+00 8.050767211237848997e+00
1.307210756573048798e+02 6.168757108466001782e+00 8.075244572239002494e+00
1.304638962343798880e+02 6.541460440503886531e+00 8.061874089966160284e+00
1.308537925896228558e+02 7.448318613271940336e+00 8.044177722011665921e+00
1.302586520289530085e+02 7.781506809746519870e+00 8.003995888662549518e+00
1.310224864966998553e+02 8.093641623552333186e+00 8.011552802788949990e+00
1.316527280049443789e+02 8.408990649609405565e+00 7.982225654195498343e+00
1.318388991574179556e+02 8.588575707670848658e+00 7.872693873141034970e+00
1.316379994965815854e+02 8.661257841631872623e+00 7.931456642676835145e+00
1.315556720011715015e+02 9.309677067232959402e+00 7.958091544256559402e+00
1.317836017958599371e+02 9.461913390948637925e+00 7.927773120482922486e+00
1.320868633221849677e+02 9.521003580040217074e+00 7.910251826291182731e+00
1.314069738541219294e+02 9.770382752564573892e+00 7.962009346919654895e+00
1.321733796041310143e+02 9.873870902238312652e+00 7.957129581824402109e+00
1.323769474352113491e+02 1.001400893395659608e+01 7.876534058764267598e+00
1.320000145035423031e+02 9.811612055433808877e+00 7.915440425216819342e+00
1.318736841655956482e+02 1.008934807559671931e+01 7.910856378834486335e+00
1.317239509289201749e+02 1.035897278783926723e+01 7.880234988085328851e+00
1.322616365824199818e+02 1.029696309933817666e+01 7.933679347386891401e+00
1.321882912363463163e+02 1.036417489528344937e+01 7.845202653519748104e+00
1.323501607497961743e+02 1.038616230269905039e+01 7.895631342878493442e+00
1.329009326282501604e+02 1.070620063361272578e+01 7.812520762305178224e+00
1.325977697728734199e+02 1.089188839157751687e+01 7.886909515874447330e+00
1.317739328191557320e+02 1.064912236641508869e+01 7.909825164499384442e+00
1.319288815141563589e+02 1.097798628794935993e+01 7.827092787100138338e+00
1.321704987473685264e+02 1.100513103755433697e+01 7.862814213807967079e+00
1.319948272583166329e+02 1.121471189345766639e+01 7.851984583337309864e+00
1.324087886626072930e+02 1.125921154261756207e+01 7.857216076169054375e+00
1.326818924094023657e+02 1.144628671888676408e+01 7.866928678264490493e+00
1.321967609992361758e+02 1.175525550384980633e+01 7.839433575873169247e+00
1.329729246269785108e+02 1.224856820847618444e+01 7.813755018599907842e+00
1.337068693602422513e+02 1.230396146576518568e+01 7.834851882188074157e+00
1.335788977489943079e+02 1.263064225548841435e+01 7.830078727566052166e+00
1.339151273969489466e+02 1.348839261889933105e+01 7.775032785019204695e+00
1.339052886677740446e+02 1.350562106006653806e+01 7.841650646602623453e+00
1.345489075669845818e+02 1.396865162219258849e+01 7.801975105365937857e+00
1.329745755179071409e+02 1.298717373262815578e+01 7.815447319691950945e+00
1.333515103861827527e+02 1.314369959618857209e+01 7.860436646417070072e+00
1.328263910935115177e+02 1.342459078072524292e+01 7.774179795647672364e+00
1.337892707460466681e+02 1.343408150713527327e+01 7.753264667127629295e+00
1.338008662614688262e+02 1.383488392833935698e+01 7.792160323028673119e+00
1.336099062830369633e+02 1.404527863661004439e+01 7.748730469173186641e+00
1.341717389323931400e+02 1.454703690601580490e+01 7.747767454963025990e+00
1.337292002554670489e+02 1.445864704190351091e+01 7.803946922276627340e+00
1.339047035942543857e+02 1.468761593237337060e+01 7.761361406159417164e+00
1.344548512755241632e+02 1.489107063158281719e+01 7.741081329943042988e+00
1.335911701199923982e+02 1.475373976735569137e+01 7.801625800303274794e+00
1.337051155016486064e+02 1.473941892054004299e+01 7.730609521502120884e+00
1.335360481700518847e+02 1.482186451993700871e+01 7.735734436763045174e+00
1.341797257215590093e+02 1.504763442772436655e+01 7.725701725240013751e+00
1.340719681990965171e+02 1.513266308455142983e+01 7.736624297570423359e+00
1.341381314468818289e+02 1.522631120564636298e+01 7.732582781882689105e+00
1.347938936541949602e+02 1.523032926918926755e+01 7.780392402808728569e+00
1.351575099341633290e+02 1.536545540681995803e+01 7.750580141653114374e+00
1.348282090421641897e+02 1.540605297529989137e+01 7.688598869775698397e+00
1.346393861726887451e+02 1.550474715930287317e+01 7.665489939340279335e+00
1.347821625868595845e+02 1.585531320233230623e+01 7.709359171781311026e+00
1.341969701983427399e+02 1.614813570483001115e+01 7.777648333381906198e+00
1.346818703358657956e+02 1.605052574852664549e+01 7.708385052696172579e+00
1.352073396666708049e+02 1.631029321409930333e+01 7.713847558690007489e+00
1.350647967387177744e+02 1.628088171114131910e+01 7.747757385507044070e+00
1.354866940733756167e+02 1.650762240465656916e+01 7.710050136775384644e+00
1.352966097961970888e+02 1.651255295699456482e+01 7.732944166847027567e+00
1.352424372981966201e+02 1.669305599106299809e+01 7.698905411137876520e+00
1.350185389058446503e+02 1.685638113453009623e+01 7.659569614093544310e+00
1.355409395306789406e+02 1.701178931370218095e+01 7.688046165868525073e+00
1.358489566624532472e+02 1.710614038489352851e+01 7.698098910865214251e+00
1.367484867707969158e+02 1.774351833547221702e+01 7.682483618780133305e+00
1.365975074840962407e+02 1.773979005545120913e+01 7.668972016252772583e+00
1.358756902194448912e+02 1.773105803139402070e+01 7.708196852101140806e+00
1.361719999774318239e+02 1.772847782512038251e+01 7.639236944784824956e+00
1.359476788432796752e+02 1.770774728095961947e+01 7.691226927509366540e+00
1.363630105841905049e+02 1.765490736816612483e+01 7.693525390108847617e+00
1.362714972296652718e+02 1.803630720688169120e+01 7.639079787989099479e+00
1.354136461764134935e+02 1.764653020239916614e+01 7.672026020965104109e+00
1.359697116343934056e+02 1.830413803413522444e+01 7.651301530897116621e+00
1.357329441371680048e+02 1.835788318996691615e+01 7.660683214374008010e+00
1.369237585872799912e+02 1.801318962366417153e+01 7.655237747255137393e+00
1.367447882702783204e+02 1.817277452445405928e+01 7.677829611863391079e+00
1.366536678256663038e+02 1.836728494306654369e+01 7.637310000224818651e+00
1.372374229207837004e+02 1.874286307117910155e+01 7.594044210424028662e+00
1.363553127643046139e+02 1.827309263668569628e+01 7.620952485692510159e+00
1.361647619547269414e+02 1.850567635729881388e+01 7.643350469501884348e+00
1.367629836643117187e+02 1.862766038644527811e+01 7.667850547996746258e+00
1.366901285497841627e+02 1.897375650349948728e+01 7.629259938181048639e+00
1.362133423558430536e+02 1.888206111289289524e+01 7.645582503722940793e+00
1.364012064681440961e+02 1.918473008939639257e+01 7.644142430784191866e+00
1.369785660480411593e+02 1.922553478769827606e+01 7.632571864616972235e+00
1.372570758327209433e+02 1.948731564823931706e+01 7.662810016878877306e+00
1.368216817386032460e+02 1.925802008801597154e+01 7.628192733908753631e+00
1.365864301880102403e+02 1.940293440175868867e+01 7.665023973237871324e+00
1.367887224741439240e+02 1.955468999789096785e+01 7.591718894639444493e+00
1.364668996618352992e+02 1.966207654105030045e+01 7.667185713045134854e+00
1.370255468831102519e+02 2.008813196489875708e+01 7.622941909818500505e+00
1.378032353213220347e+02 1.947988516311683682e+01 7.598053980332587720e+00
1.375627316486865652e+02 1.980886759779341233e+01 7.634422070059123655e+00
1.376701313723042119e+02 1.996159934765333333e+01 7.600468077100798858e+00
1.374449962028241146e+02 1.988942373579153156e+01 7.665249564615803202e+00
1.375794199743635318e+02 1.990947453114686638e+01 7.605360881869117406e+00
1.376084777385682401e+02 2.001776118523513759e+01 7.602406963136901119e+00
1.374200478272294106e+02 2.008533313603703263e+01 7.651117263865179652e+00
1.379963755606831626e+02 2.042766787010611651e+01 7.641095203516494294e+00
1.380846084451833633e+02 2.076732067824658756e+01 7.661245297447636382e+00
1.381348076609393161e+02 2.098525083312412320e+01 7.594570433718004665e+00
1.382744025494929190e+02 2.101522483802863306e+01 7.636876335012360961e+00
1.383235995007046029e+02 2.108656230413373933e+01 7.636788065159850980e+00
1.370568128348122343e+02 2.051979433427343835e+01 7.603483926190027553e+00
1.375508489225810536e+02 2.090513996396649432e+01 7.587466273294968921e+00
1.378211494249324574e+02 2.081490915074484249e+01 7.628790252042077391e+00
1.379988819126284909e+02 2.102595786194578764e+01 7.612261914014996300e+00
1.377422402441476379e+02 2.111410478739544772e+01 7.547421999464524411e+00
1.381957099797648709e+02 2.118032820223801238e+01 7.564316463219779685e+00
1.386673632987221652e+02 2.140231187850251615e+01 7.592783868772151834e+00
1.389045014681991290e+02 2.199701814499673702e+01 7.568653655067135055e+00
1.386799115751035174e+02 2.201608306776590140e+01 7.612929792688495567e+00
1.386880255081031805e+02 2.215384179331923420e+01 7.613826567305911119e+00
1.389614342262648847e+02 2.224072280660232437e+01 7.605880698384440031e+00
1.388939984440706326e+02 2.228637701684935024e+01 7.555528915100214959e+00
1.382004242908650440e+02 2.219844912185417130e+01 7.542182040122198394e+00
1.386681589310758511e+02 2.248170313109764962e+01 7.597439657165723226e+00
1.383896913084032292e+02 2.234519435646184604e+01 7.613267876575230630e+00
1.383998597424825334e+02 2.241298284165224075e+01 7.562720349354188798e+00
1.385217070897365090e+02 2.243716573056712349e+01 7.578631305573472865e+00
1.395138680609243238e+02 2.265517346884479011e+01 7.600073026912579799e+00
1.387524329313980331e+02 2.254137391906691690e+01 7.579553979974176237e+00
1.387900328675782760e+02 2.280954571389645835e+01 7.617619088549938411e+00
1.393795494199091252e+02 2.292947926053617635e+01 7.563198727037462987e+00
1.393360263982425238e+02 2.320318206279550921e+01 7.569392951302674533e+00
1.397186888259126079e+02 2.331481297119563223e+01 7.573219908420256274e+00
1.394031875243454692e+02 2.334211771488337206e+01 7.584791898143873112e+00
1.395566044875116916e+02 2.333748528396613509e+01 7.543458801800652758e+00
1.400899274459062553e+02 2.386807346390496676e+01 7.578522194678532387e+00
1.406278599342532800e+02 2.447550576829288715e+01 7.568384366850017919e+00
1.381424600471996769e+02 2.236469772449650861e+01 7.563373134086496918e+00
1.383168306021893272e+02 2.314002321589652311e+01 7.578318057115716044e+00
1.391811198113225885e+02 2.345517469158378177e+01 7.567665898974563099e+00
1.391520887885432103e+02 2.355026753009170903e+01 7.607553279045094818e+00
1.395468789088066330e+02 2.365226970441685950e+01 7.554650275963395778e+00
1.391357964316582922e+02 2.357639153388144493e+01 7.546762385627252989e+00
1.390512589527306773e+02 2.391049314773541923e+01 7.549756978105201632e+00
1.391223503905368091e+02 2.405256908773219848e+01 7.549773076581693942e+00
1.399028041986748292e+02 2.398881365337300053e+01 7.599484746724683326e+00
1.398888207560333399e+02 2.402961239419121142e+01 7.570299562691281459e+00
1.398731836426113375e+02 2.412273314620018283e+01 7.556983637869180370e+00
1.398968962172325234e+02 2.445256178653337997e+01 7.585106864627559453e+00
1.401004987637939507e+02 2.455421304691581952e+01 7.559041001920676628e+00
1.400128713936334748e+02 2.457678265096625481e+01 7.557946816514153454e+00
1.401171113399812214e+02 2.474636429390047354e+01 7.565198758376888932e+00
1.403498961947433088e+02 2.478730289608373383e+01 7.625078952420277112e+00
1.396616906573391645e+02 2.456499245748945626e+01 7.565131857283493133e+00
1.394538135122366782e+02 2.470217368689968396e+01 7.587129954819021194e+00
1.399779611368335566e+02 2.498784660073360442e+01 7.518095729426863549e+00
1.401497277548112095e+02 2.506015956432302971e+01 7.579638122763981301e+00
1.399228784400832524e+02 2.510177267859865680e+01 7.538015432809311633e+00
1.406969018482713807e+02 2.495967011981571204e+01 7.501842450267203866e+00
1.407860180970337751e+02 2.500012471066603581e+01 7.560914017556599198e+00
1.407677068900651136e+02 2.501452633401371628e+01 7.542241181167724129e+00
1.404477869191526622e+02 2.497677232017812798e+01 7.549461779820424212e+00
1.406995270676745236e+02 2.505347044127902478e+01 7.553626981689487430e+00
1.402137908658670540e+02 2.506032770224874895e+01 7.514508556475141710e+00
1.404864552317102948e+02 2.518491382236699039e+01 7.596968111967955295e+00
1.404408438074326568e+02 2.524169199245584494e+01 7.581089603759456175e+00
1.404510210255237723e+02 2.527770855674666706e+01 7.564555522990826120e+00
1.404829694007810019e+02 2.531716667106164920e+01 7.551195588022215688e+00
1.400952127118992507e+02 2.530684975331334385e+01 7.523369869029082224e+00
1.406445831999484994e+02 2.554694759213592192e+01 7.519201515104875888e+00
1.407894371115609431e+02 2.554243363821662172e+01 7.576842506168572022e+00
1.408416208567121828e+02 2.563197974585395400e+01 7.561329014715900243e+00
1.414339427394211270e+02 2.567267964546596204e+01 7.603549983449889638e+00
1.415224234182987573e+02 2.567764555705502971e+01 7.567188149857630108e+00
1.413642567637961349e+02 2.578193201639973964e+01 7.619415363758744064e+00
1.410977115898446357e+02 2.594004895855579207e+01 7.546918258052718542e+00
1.412299362102247358e+02 2.610685629404815344e+01 7.552140993108050537e+00
1.414978371974650315e+02 2.612586136397415260e+01 7.550015383589792073e+00
1.412143914687996755e+02 2.631102421486357912e+01 7.529639988554531982e+00
1.411180313462123479e+02 2.626315160131905557e+01 7.509314671294362142e+00
1.414406440904868134e+02 2.647617910619234038e+01 7.549933900101876816e+00
1.405745894438937853e+02 2.622718460474999347e+01 7.541956079929285295e+00
1.409156960915522632e+02 2.625985890258297673e+01 7.551454894786612471e+00
1.409665025070156616e+02 2.627977482298566159e+01 7.598464652218528848e+00
1.409634519463393758e+02 2.628008352442551754e+01 7.518929664749969710e+00
1.409636718857688322e+02 2.650140142832446699e+01 7.554114643615109870e+00
1.411634009878716540e+02 2.659733583929109457e+01 7.546800532931050576e+00
1.410369832943758297e+02 2.660797555796778369e+01 7.519533523039346967e+00
1.410566023381376226e+02 2.671346013926631358e+01 7.573105702467176847e+00
1.410260514755147483e+02 2.686115882885737349e+01 7.529671540933258633e+00
1.424035965931726366e+02 2.667877276394692032e+01 7.511444832779043956e+00
1.414977698679992955e+02 2.659095161522271766e+01 7.572682519484004615e+00
1.418766405960421935e+02 2.704907773456955411e+01 7.540874368208555723e+00
1.419916517298908616e+02 2.700825305806918664e+01 7.500377160089750639e+00
1.420724478935395894e+02 2.712287669960675984e+01 7.556226043187563413e+00
1.419438621468071346e+02 2.710556042155671719e+01 7.559916988153206674e+00
1.420337072455276655e+02 2.716963730384525277e+01 7.577045043174440053e+00
1.420582727891488446e+02 2.720607979880649907e+01 7.529013507017728202e+00
1.419654598739671201e+02 2.720525626542682218e+01 7.531346003936864264e+00
1.423500466844069763e+02 2.717248339399384705e+01 7.585846187842742339e+00
1.422401543813650164e+02 2.746805272308241541e+01 7.549494823416771361e+00
1.423546952493419155e+02 2.747601224394904662e+01 7.554704353041925557e+00
1.428023476570014054e+02 2.753062836157575077e+01 7.538711203324171883e+00
1.425923277864813201e+02 2.768786156091001516e+01 7.536134185983322631e+00
1.411823077493016854e+02 2.684814185964353683e+01 7.539358855158949879e+00
1.410786618505753438e+02 2.695170094378748971e+01 7.526009783778111917e+00
1.416679058639720097e+02 2.698381579036720979e+01 7.563987013940170812e+00
1.417289823000578508e+02 2.703196049541922719e+01 7.535387423611370927e+00
1.418776260901740045e+02 2.728995423852953905e+01 7.533624834065029141e+00
1.414754098079796165e+02 2.735522673788047499e+01 7.545224467389685330e+00
1.410630199643583467e+02 2.729004473834471867e+01 7.574164759309748085e+00
1.420361807550919480e+02 2.729837661588273434e+01 7.559403191622560136e+00
1.420142626653591549e+02 2.732423085642491145e+01 7.549705523657467943e+00
1.420103799044298114e+02 2.757891312187300059e+01 7.559441644114686554e+00
1.421690663497506364e+02 2.756608860782765902e+01 7.540752011606817184e+00
1.422126952670522542e+02 2.760065579374819578e+01 7.517988005506905935e+00
1.421919795924326309e+02 2.765500505797491115e+01 7.519208418753513534e+00
1.421628517482411667e+02 2.773179110463322417e+01 7.581911872353421344e+00
1.418988453161959455e+02 2.768610736105888392e+01 7.569800838419922684e+00
1.419204371301950687e+02 2.780003178558094135e+01 7.515507292598778477e+00
1.420200095742474105e+02 2.785741710975599617e+01 7.546376883368119515e+00
1.425183167005216092e+02 2.786350359165698265e+01 7.574392451149552841e+00
1.424773496933445642e+02 2.808203144087483238e+01 7.585152845371311514e+00
1.417410653963301002e+02 2.793315665611051202e+01 7.583603166618456015e+00
1.416983870176873950e+02 2.801046719169344357e+01 7.547896039086043452e+00
1.419886498113545201e+02 2.827553729417878614e+01 7.554958276226192204e+00
1.428368665744065424e+02 2.800867210045730005e+01 7.582414753973119481e+00
1.431342142749584525e+02 2.800563214316078131e+01 7.541738516942172232e+00
1.430377781752303861e+02 2.824483835371048812e+01 7.538560208618597436e+00
1.431327611309161512e+02 2.828286425064088405e+01 7.540345536669931015e+00
1.426821408925519279e+02 2.818571280673114643e+01 7.558134057814479334e+00
1.426315750513221303e+02 2.837651534139205367e+01 7.524912226980440266e+00
1.425402615789105880e+02 2.841686083342160529e+01 7.545751497272053854e+00
1.427312221422849632e+02 2.856460382944259635e+01 7.531473596974208817e+00
1.428771272044149896e+02 2.869872967704200661e+01 7.505446247843766017e+00
1.425101901548378009e+02 2.859067572375318989e+01 7.553940189814302819e+00
1.423945456783821726e+02 2.875270252129310933e+01 7.514249835050321735e+00
1.423458838798707689e+02 2.877974965016137787e+01 7.536181766111666569e+00
1.427303886462450464e+02 2.865450533576492020e+01 7.543196749341011476e+00
1.428408898208959954e+02 2.889167607006188732e+01 7.530615259897628810e+00
1.427937655361636757e+02 2.895051282527337833e+01 7.533472191162624121e+00
1.429140989910186477e+02 2.904396806267473607e+01 7.556330657864163136e+00
1.425266939658910701e+02 2.900436183865864237e+01 7.529215989746494309e+00
1.435134189026342142e+02 2.898484135132173023e+01 7.559138993243313287e+00
1.432132909377208705e+02 2.900039456271030147e+01 7.573246840136602209e+00
1.433179739067007006e+02 2.903083835054573214e+01 7.486776839009646523e+00
1.432257284752265321e+02 2.909241429741219420e+01 7.543808306066772218e+00
1.435028302096700372e+02 2.904624021658668553e+01 7.508758241796385846e+00
1.433913086168159907e+02 2.913971756757122478e+01 7.570355638156414102e+00
1.435737985190780819e+02 2.941776937826135807e+01 7.543805491204978786e+00
1.436639933322822742e+02 2.946428993477067593e+01 7.503063924431525145e+00
1.430273525066186551e+02 2.912274085349296726e+01 7.573381413929502592e+00
1.430869837609795638e+02 2.926068889515911664e+01 7.502441809095887315e+00
1.432657925013336353e+02 2.918202019693991645e+01 7.528092934347774268e+00
1.430827916876520760e+02 2.948175802407549284e+01 7.516492290226966411e+00
1.433382837905660381e+02 2.953657632405679934e+01 7.524987139210264964e+00
1.433828349005399332e+02 2.962155751556228012e+01 7.539383543376550811e+00
1.433045846630443521e+02 2.965527176057902992e+01 7.564780798202770384e+00
1.439936001216470913e+02 2.981422361685466882e+01 7.517844191196692449e+00
1.444823686686955568e+02 3.017556509508927576e+01 7.517781188896412559e+00
1.444558951196181908e+02 3.030199571870475239e+01 7.545879587521898024e+00
1.437981902704252093e+02 2.975514155305377884e+01 7.532344878245796238e+00
1.437831066544264331e+02 2.979284769813180134e+01 7.561978794509463420e+00
1.439517714811872793e+02 2.990174020866865590e+01 7.533827353950520056e+00
1.441572911895190998e+02 3.029971569263183895e+01 7.534122977354183348e+00
1.442757289349432313e+02 3.028043546515101880e+01 7.552173990003977266e+00
1.441820022232010672e+02 3.033481583587492736e+01 7.554047994598463767e+00
1.442220636385327168e+02 3.038483996826034428e+01 7.519486830536455280e+00
1.440722708206553762e+02 3.029825531730084620e+01 7.552539725992858166e+00
1.439065859310482551e+02 3.029225134600352476e+01 7.556469403402737761e+00
1.439117820899574838e+02 3.035851788984591693e+01 7.554346794993927361e+00
1.440686355058877552e+02 3.053258955365166472e+01 7.547958907567039688e+00
1.450078747050065999e+02 3.046789833199289887e+01 7.549590956130299624e+00
1.452783494514941083e+02 3.079869072726977919e+01 7.543317563961758232e+00
1.451216408773815658e+02 3.089113238177221277e+01 7.579733730612154829e+00
1.444872303747745832e+02 3.041034628690545816e+01 7.509945941555365323e+00
1.447074686930566259e+02 3.074895556409108721e+01 7.565636140336785331e+00
1.446529522048047909e+02 3.082647059341788420e+01 7.549453648471026845e+00
1.442974462192725866e+02 3.063206634204004786e+01 7.528901987107569305e+00
1.443846231400785882e+02 3.075552917607806691e+01 7.569193865574288083e+00
1.444309893266040774e+02 3.076135552072655344e+01 7.546201315743473970e+00
1.444301237281324859e+02 3.092289513821660307e+01 7.570843448566781930e+00
1.445617022291718854e+02 3.096831773261158816e+01 7.545366124648801964e+00
1.449220150801145905e+02 3.086233663677034400e+01 7.538946558995736957e+00
1.446592872443981150e+02 3.107749340292756557e+01 7.575570033077446475e+00
1.448079516822903656e+02 3.121714889154721817e+01 7.502270861878648667e+00
1.421511167021996869e+02 2.884460433659585021e+01 7.569340178102995864e+00
1.421803401046735473e+02 2.885169536220948672e+01 7.517920750337369284e+00
1.423608641381963764e+02 2.899817968143925739e+01 7.552046457017758563e+00
1.428216646644721095e+02 2.961697865591027679e+01 7.564144664109344163e+00
1.432837826554170704e+02 2.989432208557217763e+01 7.570355734437676176e+00
1.432192159137711087e+02 2.998316373933101886e+01 7.571297671714250832e+00
1.436045786223066045e+02 3.052045897200353863e+01 7.501542443353802270e+00
1.441215686506130567e+02 3.069752355503868912e+01 7.518341442536184971e+00
1.440053393305971099e+02 3.070855935209525356e+01 7.584538025190248334e+00
1.439146008021362775e+02 3.090601310437432048e+01 7.519531596832401021e+00
1.441073264460599717e+02 3.073787136340189718e+01 7.548918398800819496e+00
1.439691483854526552e+02 3.106481506119775560e+01 7.531830652100179435e+00
1.440448695315609484e+02 3.119106006097150185e+01 7.546189707274726821e+00
1.444660093251392254e+02 3.116137998765969286e+01 7.547106734545566908e+00
1.446503656535923596e+02 3.134203086145610229e+01 7.587038248485185044e+00
1.446090468581735138e+02 3.148829141552752375e+01 7.559254148671176843e+00
1.784271164254561484e+02 5.346821403438082854e+01 8.640817622406091303e+00
1.783418288716213738e+02 5.361688459422720854e+01 8.594887173795557445e+00
1.792487582200440670e+02 5.377587771710822295e+01 8.588143285256993664e+00
1.451608422067757829e+02 3.133097784808014907e+01 7.523397932310984082e+00
1.448870769604700968e+02 3.135949186447035331e+01 7.611036744655153008e+00
1.449757221295049590e+02 3.148621627281698210e+01 7.520518007211887124e+00
1.457176338676959233e+02 3.174507614838008962e+01 7.577853251116383859e+00
1.454771304461462194e+02 3.195217831338954539e+01 7.513953361560121280e+00
1.460205770557308540e+02 3.165384226099000031e+01 7.559593757766984723e+00
1.458961856030312276e+02 3.189570829171736221e+01 7.539673267402022816e+00
1.457246515229562647e+02 3.191357259610884256e+01 7.528492804908191616e+00
1.461858160638794288e+02 3.227183268316553466e+01 7.547829826644454343e+00
1.471152609246933594e+02 3.289905749505098953e+01 7.529211644945261739e+00
1.466914279349930155e+02 3.272241088130338227e+01 7.558269463373447294e+00
1.467022955418767083e+02 3.325230456946997037e+01 7.568994700086004279e+00
1.468965770873522843e+02 3.335414946343757236e+01 7.569547968657504455e+00
1.471452417749688095e+02 3.352030174042753430e+01 7.591682168152978250e+00
1.476864802260335807e+02 3.365206184354065755e+01 7.598326236844116011e+00
1.473699995822839526e+02 3.387540982745375828e+01 7.571448051382240862e+00
1.448646105711787584e+02 3.153953781922997734e+01 7.531309700380825589e+00
1.449028946216764098e+02 3.175994200440181459e+01 7.516383464221171096e+00
1.452722700163710101e+02 3.185320972040488741e+01 7.542434069008412401e+00
1.450612867779705084e+02 3.191406133317758886e+01 7.544318149230257120e+00
1.453209846748604264e+02 3.211064865300525639e+01 7.581768034467436301e+00
1.453937689843824046e+02 3.219615978490761421e+01 7.572558422833069791e+00
1.450554450895838556e+02 3.197516212676251612e+01 7.565475208582306266e+00
1.448067204342840739e+02 3.241449137635709832e+01 7.556012102327415825e+00
1.455916313509026168e+02 3.262738966793072848e+01 7.536818592541894901e+00
1.460502456456509321e+02 3.294890628972890312e+01 7.583964879433816364e+00
1.456953057929372335e+02 3.284640755908566234e+01 7.541978174673878321e+00
1.454187112904290586e+02 3.272954666265150081e+01 7.539062684097030065e+00
1.454635433460117326e+02 3.278112702544687096e+01 7.569639063601665718e+00
1.453627284789739349e+02 3.287197214162506498e+01 7.548173080636033205e+00
1.450355109464063048e+02 3.279502117812719320e+01 7.540375062073544576e+00
1.456019314795321407e+02 3.322726317952340480e+01 7.574961419980872357e+00
1.462257784396499574e+02 3.307075301265837908e+01 7.539960332377433794e+00
1.462477137796308568e+02 3.310035135199278500e+01 7.540355816522336774e+00
1.464216373646791851e+02 3.307442842851515508e+01 7.546103183663860570e+00
1.463460707625318662e+02 3.316851702397847390e+01 7.530456371722306308e+00
1.459987285898155847e+02 3.322977558700783618e+01 7.568026090138491035e+00
1.465684640033317407e+02 3.344817378890415682e+01 7.563561282687566667e+00
1.467719426989278872e+02 3.349433991866430205e+01 7.598336036174736741e+00
1.464349932943364365e+02 3.360547883930330215e+01 7.559356692184428184e+00
1.466362510150032392e+02 3.361588734322440075e+01 7.579638105537932269e+00
1.466450270800912961e+02 3.372818783425368849e+01 7.545703653755738038e+00
1.460570287640620109e+02 3.347370493373480116e+01 7.569655526959344627e+00
1.461552557016671017e+02 3.347440090282209724e+01 7.536083076471262743e+00
1.460246469901033208e+02 3.353430120383587365e+01 7.594278239599391966e+00
1.457892230905170550e+02 3.340436438170500821e+01 7.549863849754713918e+00
1.469939116118678157e+02 3.381824610431696954e+01 7.551032337435017894e+00
1.474202763817188782e+02 3.414667790536205416e+01 7.550170650452227683e+00
1.474967045014014673e+02 3.428650947585155961e+01 7.567193262745855797e+00
1.473369799805252569e+02 3.443010216873886975e+01 7.593154385810157336e+00
1.465720875771808664e+02 3.409956986429126857e+01 7.532649252734079148e+00
1.465099493793195222e+02 3.415732624641719184e+01 7.569590546927048358e+00
1.469370290512083557e+02 3.438826145469732865e+01 7.571919250796579348e+00
1.478496644860733795e+02 3.429660401845759310e+01 7.591868309864723052e+00
1.481527027446025784e+02 3.471785281825044933e+01 7.614051752540858864e+00
1.483756970804370496e+02 3.464430348451499952e+01 7.551010264729078436e+00
1.487086417499652953e+02 3.502565608813604570e+01 7.575245988128721741e+00
1.488401115242378694e+02 3.534428154647360287e+01 7.557095742085179424e+00
1.490816686031804466e+02 3.547255960267645492e+01 7.595951709832302612e+00
1.493671185580953420e+02 3.540269679050621221e+01 7.616048997506648099e+00
1.493099461080720403e+02 3.585728319401592046e+01 7.574373236364215778e+00
1.498167525388130059e+02 3.629300670522727046e+01 7.618234365269443309e+00
1.481536623531749228e+02 3.483686854176320935e+01 7.599533453012028872e+00
1.481821130031492828e+02 3.491619496090493158e+01 7.604226685305843780e+00
1.482637187222487967e+02 3.497451939055250136e+01 7.564338399060411611e+00
1.479391331025786371e+02 3.524580591549226938e+01 7.605368777269756464e+00
1.484074665902258232e+02 3.502377573161764701e+01 7.589200981793960743e+00
1.485638662694828440e+02 3.567454501687141999e+01 7.666944941774108457e+00
1.480486848845497718e+02 3.540892642696029213e+01 7.619809268697518512e+00
1.480395693069784784e+02 3.546472252965563854e+01 7.582190379742438147e+00
1.475100307495308698e+02 3.553551833706419671e+01 7.554245324967953756e+00
1.476736425714112499e+02 3.574494165743729468e+01 7.597014094398207185e+00
1.488793471153005044e+02 3.599559054918350398e+01 7.622864225454915044e+00
1.487780630689047996e+02 3.603400138493937988e+01 7.593150019675791285e+00
1.489252365835567957e+02 3.609561778758925499e+01 7.602779799079837808e+00
1.494186375802529483e+02 3.639246176336060046e+01 7.609625443544001833e+00
1.495296655217192097e+02 3.653090061317849546e+01 7.617694642599295740e+00
1.491439481580352719e+02 3.643979304295903177e+01 7.606152857497474606e+00
1.492848206350881526e+02 3.648188646726497097e+01 7.584191655129561838e+00
1.493036905535212782e+02 3.666182080774309782e+01 7.646916573235273518e+00
1.489245563953946032e+02 3.671997689886506322e+01 7.579901840430600224e+00
1.489480145616685434e+02 3.683319263993514170e+01 7.590023137734391412e+00
1.497934490356932145e+02 3.653513149830696705e+01 7.590252645629322892e+00
1.499254434064495456e+02 3.699108801109696998e+01 7.649439200429076990e+00
1.501743567160892496e+02 3.725731855848975727e+01 7.614538893456384017e+00
1.501608980570827043e+02 3.741921031407071041e+01 7.651501425501431086e+00
1.493766736520733218e+02 3.717679225954914557e+01 7.605857999811635572e+00
1.494169375842072611e+02 3.722441475283498846e+01 7.615248169721034799e+00
1.498279246672528302e+02 3.724465422673225135e+01 7.636103717588838435e+00
1.495593966684238012e+02 3.741132222021882114e+01 7.593825326593741210e+00
1.496074486660292848e+02 3.749102326296358711e+01 7.610101762877971687e+00
1.499352178201598349e+02 3.773177687444940887e+01 7.639440701372096854e+00
1.483868397547822440e+02 3.649780685410343040e+01 7.636918382389373150e+00
1.487932052994550531e+02 3.692632670222273106e+01 7.590768524704100351e+00
1.507070187617080421e+02 3.723406268725976531e+01 7.626025659817170066e+00
1.508245996264453481e+02 3.751536588730461830e+01 7.558982363028490248e+00
1.513014956832225266e+02 3.804377835963212107e+01 7.686071130689098752e+00
1.517035378878614722e+02 3.830927326944767941e+01 7.645028717854688516e+00
1.518346315097419676e+02 3.846428258071973971e+01 7.639713231115656811e+00
1.519622180556750664e+02 3.870529478096394627e+01 7.643907273021871340e+00
1.521769754260916159e+02 3.877686002070196736e+01 7.662399750340544990e+00
1.525836600290388674e+02 3.942876847756361514e+01 7.694779308579759558e+00
1.527848848181493224e+02 3.947831996416031330e+01 7.629110419330202397e+00
1.530001374484231462e+02 3.956017371114159431e+01 7.705393664283981536e+00
1.531588721725481719e+02 3.962804288313690648e+01 7.673548478683344776e+00
1.530399212664364939e+02 3.980328099082049675e+01 7.696696201335785581e+00
1.531237538945075869e+02 3.993294752032910822e+01 7.709702489568234896e+00
1.532284282143444614e+02 3.992376800838636086e+01 7.708093510919995062e+00
1.533002130974238923e+02 4.010369503368558242e+01 7.679718487265528637e+00
1.507581225560787743e+02 3.759226822307385874e+01 7.627379294087705652e+00
1.502302441344016586e+02 3.749838913865762891e+01 7.634067369646808210e+00
1.505917465875968162e+02 3.768031044695996457e+01 7.616835544275514458e+00
1.505916805242862608e+02 3.768700993875006588e+01 7.627250259297462698e+00
1.507966441482691380e+02 3.779492983520520255e+01 7.591116949753583754e+00
1.508235536931621539e+02 3.782607870765993852e+01 7.596240426660244793e+00
1.507391691947721029e+02 3.783383835707013532e+01 7.641625462329502128e+00
1.506833184930619041e+02 3.795794209508407135e+01 7.617689294830882751e+00
1.502985693118934876e+02 3.804920387975977292e+01 7.639448627593127483e+00
1.499891410925511934e+02 3.781042668857165268e+01 7.611439345605048423e+00
1.503997284963981258e+02 3.845000218497923328e+01 7.692220596683696066e+00
1.511404628699448267e+02 3.801218057829531460e+01 7.646154243860190824e+00
1.513069463470097560e+02 3.850270857032528937e+01 7.680848254452788737e+00
1.511918876332673563e+02 3.863818956359438062e+01 7.672546062015484836e+00
1.515273240302159934e+02 3.833296418791709215e+01 7.668309942266506418e+00
1.516536023895140204e+02 3.851457188299431778e+01 7.630857684596939805e+00
1.517794787218579415e+02 3.866355177120257025e+01 7.652689460426410406e+00
1.516240145325338631e+02 3.865790318118146018e+01 7.673821146044981667e+00
1.517143156169420593e+02 3.870926202996039223e+01 7.620124562426576986e+00
1.517223424085148338e+02 3.882847508253838953e+01 7.637176028390831206e+00
1.513107897999557565e+02 3.880182591664146230e+01 7.645350499775494413e+00
1.507326430908445900e+02 3.864226877169208763e+01 7.606120420428199580e+00
1.508907278577279101e+02 3.894331146827157397e+01 7.671664623200198818e+00
1.513917408642382725e+02 3.895295385167875679e+01 7.666809204753926466e+00
1.512503825315360757e+02 3.924382143132019962e+01 7.688933904187090995e+00
1.512818751640450614e+02 3.929280564683188004e+01 7.649319830796293296e+00
1.497758292590995097e+02 3.807561391077401680e+01 7.624170373478055041e+00
1.520925760219929543e+02 3.897500314234504515e+01 7.677087651472737306e+00
1.520069488471803538e+02 3.918135094660585338e+01 7.669919709703428623e+00
1.518135580070936044e+02 3.912626586264808992e+01 7.657381301920096028e+00
1.518718319466914579e+02 3.922569253624080687e+01 7.634237249651452117e+00
1.519741060449743770e+02 3.926868917692878824e+01 7.657402314510700414e+00
1.522138125448850872e+02 3.918576669055583750e+01 7.665206354341555617e+00
1.523056729043705673e+02 3.932618497606585350e+01 7.666414258836315554e+00
1.523879290941546287e+02 3.941211522768284681e+01 7.639319592463384545e+00
1.523093424936430722e+02 3.937040749102616388e+01 7.704891471467665731e+00
1.522960572988177717e+02 3.938688050289074027e+01 7.695034050664752989e+00
1.516333350441079233e+02 3.923895150992211711e+01 7.669712847039964920e+00
1.515177935692989308e+02 3.934664955111915674e+01 7.630600340694611461e+00
1.526375713878361182e+02 3.955018953266902315e+01 7.681383435446476504e+00
1.527216268725933332e+02 3.969989409765441479e+01 7.691675780470533574e+00
1.527768499272180520e+02 3.971776749068150281e+01 7.733406139158640613e+00
1.524298921810405716e+02 3.998179412481665196e+01 7.686703026480003587e+00
1.525649527469070961e+02 4.018295410472038753e+01 7.671904464606833507e+00
1.529484823850931150e+02 4.000387950981741625e+01 7.735295745092503061e+00
1.528864595966450111e+02 4.001391485770911061e+01 7.690625236722048008e+00
1.532033351623286990e+02 4.030576823759774641e+01 7.649272055573986151e+00
1.528482873178043349e+02 4.023217335181453080e+01 7.678583662812449084e+00
1.526923083918794362e+02 4.015972481256835636e+01 7.714687335543608526e+00
1.536200836917689116e+02 4.017626593370201959e+01 7.689394369605881963e+00
1.537471366783339590e+02 4.043723143892810157e+01 7.643950322793141794e+00
1.535437133099261757e+02 4.033136520793240720e+01 7.716262424339734416e+00
1.536047391834596567e+02 4.041397034439096814e+01 7.666666075066173036e+00
1.540132472664502927e+02 4.042976223355847054e+01 7.738430367238709806e+00
1.538965859176583137e+02 4.038108784493477543e+01 7.665337828945053111e+00
1.540887152121455301e+02 4.069686168744203769e+01 7.711468258813491516e+00
1.550308681463807829e+02 4.080821617923005817e+01 7.760074151196436176e+00
1.548720999304420900e+02 4.114109543904537247e+01 7.690066824813992064e+00
1.543656042723019652e+02 4.072767837006450264e+01 7.730816664204258615e+00
1.542589771075149372e+02 4.079647827796165416e+01 7.713420876834638840e+00
1.544076640725165532e+02 4.107977532579023716e+01 7.738606836047124737e+00
1.544780220107405455e+02 4.111075852697219801e+01 7.775974381875819574e+00
1.549656797981657519e+02 4.145040129691099651e+01 7.704757434910432856e+00
1.548906914536718205e+02 4.150661073192953410e+01 7.775853909253241270e+00
1.548860011707440947e+02 4.151053188646150005e+01 7.734208276917993174e+00
1.545192769186354269e+02 4.133145305149940185e+01 7.742283914077042972e+00
1.546723825863392108e+02 4.151417849750257716e+01 7.752605841016653621e+00
1.562426423120576260e+02 4.185966276551988585e+01 7.746391677306605494e+00
1.555915369487281055e+02 4.161114755451031044e+01 7.740184762831321841e+00
1.556778142657892090e+02 4.164288234872873318e+01 7.749737929954076066e+00
1.555714646070121034e+02 4.163862452727433094e+01 7.762229251022055188e+00
1.555675103287586865e+02 4.192628083568465769e+01 7.755369252659747303e+00
1.551238627631176428e+02 4.170642989608100493e+01 7.738107836452313038e+00
1.550224777237009164e+02 4.163327947723012556e+01 7.724425182656391442e+00
1.555261551148884394e+02 4.204888711547958025e+01 7.739874534906156178e+00
1.557212664399253583e+02 4.220578063480731146e+01 7.783017616355346391e+00
1.556190102233172183e+02 4.220889240616757121e+01 7.740400223366462384e+00
1.555737377861582900e+02 4.223621643117576241e+01 7.737144105790567217e+00
1.557033749023349287e+02 4.244522282004683689e+01 7.789318956979357722e+00
1.557588590605828927e+02 4.247828572518070445e+01 7.709721106287657832e+00
1.565735468898407419e+02 4.238680108090340326e+01 7.797516987756828222e+00
1.566554001388250583e+02 4.264519466888718568e+01 7.804918443696019281e+00
1.560090072899044742e+02 4.231062795033769675e+01 7.773675023728231714e+00
1.562777692711756572e+02 4.252326709713227615e+01 7.733321903771325445e+00
1.561458616051276351e+02 4.249121538575523971e+01 7.790500855834412874e+00
1.565483970251776498e+02 4.277867915264899068e+01 7.794134500192051007e+00
1.563466048770866621e+02 4.278491198024575226e+01 7.795603108392244351e+00
1.567470274700874597e+02 4.304536564900071482e+01 7.777085729479936482e+00
1.566819742089976160e+02 4.302578007672788374e+01 7.758458503696415320e+00
1.566856577123271848e+02 4.304145870377738703e+01 7.756318766358940131e+00
1.563445537626260489e+02 4.286200740236518669e+01 7.768375025737356054e+00
1.563973871794824788e+02 4.289909133001607699e+01 7.792094708387249824e+00
1.565076642488723451e+02 4.303597621665497996e+01 7.790524697543255606e+00
1.567082274295537161e+02 4.330677381393098102e+01 7.771756626686515901e+00
1.533496983649806111e+02 4.061965059085287066e+01 7.727436228954801756e+00
1.533139771002958014e+02 4.065694797766554558e+01 7.684905615755873498e+00
1.536674458953898466e+02 4.078025145130020945e+01 7.733731280931411156e+00
1.537863020378017609e+02 4.092274758491056730e+01 7.755827156922415533e+00
1.535735737758151345e+02 4.114336265189810149e+01 7.752310914441999046e+00
1.536956785398935210e+02 4.131355359558330065e+01 7.690707608836016007e+00
1.531276008745908541e+02 4.123037618941116733e+01 7.669134295881777419e+00
1.533673894942398874e+02 4.141581341436466346e+01 7.651235573501836917e+00
1.539283236392971332e+02 4.108692221801508992e+01 7.696412226558427605e+00
1.541849718175533042e+02 4.139352243460007230e+01 7.733851207981238929e+00
1.544395581900144805e+02 4.230558307239805771e+01 7.802780643907675895e+00
1.554959975132706518e+02 4.304524729861152821e+01 7.810737241073301362e+00
1.564702118465350793e+02 4.340223060494977148e+01 7.764980373970439054e+00
1.591092630796606215e+02 4.396240807588308286e+01 7.853234591122796537e+00
1.571122823542959850e+02 4.298387884005789061e+01 7.800796500096938146e+00
1.572548954807118093e+02 4.318469018163063566e+01 7.768021763973626648e+00
1.574987681692617514e+02 4.338928362308651288e+01 7.801402079721750482e+00
1.580512726113958024e+02 4.364399063171413928e+01 7.828866244843171174e+00
1.580234216293452221e+02 4.378509008659858637e+01 7.820239685307959654e+00
1.572050052318522262e+02 4.323679283929226358e+01 7.848624106846686210e+00
1.570650136009564335e+02 4.319692714757302099e+01 7.769245895180826089e+00
1.572697868569688637e+02 4.331019960617386033e+01 7.787677529040505142e+00
1.570288544511363966e+02 4.359092786977715406e+01 7.830048851636373541e+00
1.573225344499321920e+02 4.359685849855895157e+01 7.810908144579736145e+00
1.573208765432854648e+02 4.365240322621987445e+01 7.801592740506974266e+00
1.575494413287227076e+02 4.357301953764655167e+01 7.830237252869748588e+00
1.576987785068801031e+02 4.362808677753249498e+01 7.805070538984373307e+00
1.575657722017257072e+02 4.364328321592839899e+01 7.816002132223462517e+00
1.574400239285126304e+02 4.359627436188122829e+01 7.832402666854727080e+00
1.576549178689689938e+02 4.370529880797987943e+01 7.802031540600418147e+00
1.576917379330180893e+02 4.379771476948957343e+01 7.830521813580173074e+00
1.578843975599817497e+02 4.390251644919520402e+01 7.798249701308768600e+00
1.575161297054873444e+02 4.373101380530400917e+01 7.801080676359526400e+00
1.576560005199710019e+02 4.379756912007338343e+01 7.773262556183657246e+00
1.576600733554182909e+02 4.390164947754297486e+01 7.787071395467639157e+00
1.577445525835581464e+02 4.392650957411693469e+01 7.825268566112156599e+00
1.578230813901005831e+02 4.409167911330752787e+01 7.874217178197148392e+00
1.590655631042888842e+02 4.451650024801710970e+01 7.878857473706199599e+00
1.582945877494022682e+02 4.404593742957781188e+01 7.782245056378832793e+00
1.581376045578428489e+02 4.408625966041787336e+01 7.842361983046103546e+00
1.584927044974678836e+02 4.412795816530598358e+01 7.845288288989251235e+00
1.585824078758182338e+02 4.421951845726130159e+01 7.815001461561145391e+00
1.583840597824259930e+02 4.443004541593646906e+01 7.825820428788683003e+00
1.584370398763766161e+02 4.446634797240556480e+01 7.857961213953906565e+00
1.583727038918741243e+02 4.454759555984058039e+01 7.836110450453734444e+00
1.585927899361261098e+02 4.437583352146395299e+01 7.847904107528474782e+00
1.586223866808882406e+02 4.442724291816098514e+01 7.832850781465841905e+00
1.589485233099409243e+02 4.444926856062954101e+01 7.865698519093052177e+00
1.588292572500251083e+02 4.456053432376614865e+01 7.811339694046607107e+00
1.590293160868968130e+02 4.463541847670123985e+01 7.862853519726983542e+00
1.585232794287160800e+02 4.450802372648485061e+01 7.862221849596473966e+00
1.587005923602124255e+02 4.453036130312544572e+01 7.849389612722296405e+00
1.598992423006860122e+02 4.450310043262559390e+01 7.889026022056565779e+00
1.596635105452368180e+02 4.454316485422671690e+01 7.848248976625670892e+00
1.592638981828253861e+02 4.476318036469799466e+01 7.863247487471985764e+00
1.596888832098692887e+02 4.508935826846435191e+01 7.881698699190380353e+00
1.595817595477730606e+02 4.514349951821624529e+01 7.932573337658563872e+00
1.595234988066251276e+02 4.523816725215642975e+01 7.825557362916716997e+00
1.598564195777389898e+02 4.521086036716595657e+01 7.882609118069694887e+00
1.599171817978352124e+02 4.528215699435278907e+01 7.869911161260627175e+00
1.600875081321062794e+02 4.534209180384987548e+01 7.913927776554059434e+00
1.602425874557692396e+02 4.551189950005839790e+01 7.894293960666559862e+00
1.596661732145284986e+02 4.536023459469645047e+01 7.874461196832801768e+00
1.600855960054054208e+02 4.560704681023307216e+01 7.934071869666559529e+00
1.608334839264360596e+02 4.533131234641083296e+01 7.897637178305600081e+00
1.605227090407577748e+02 4.571455266691997821e+01 7.900021748681341549e+00
1.606844303586534011e+02 4.594776355804889079e+01 7.896362147689743871e+00
1.607498631371886972e+02 4.599973458349579403e+01 7.933616884110324285e+00
1.607455484871791498e+02 4.603056884883856270e+01 7.904641692653497032e+00
1.605747430931806150e+02 4.593342654889520560e+01 7.959136682931408302e+00
1.605933289083151578e+02 4.604325948655237966e+01 7.936776966542346656e+00
1.609713534960528705e+02 4.589827161463448135e+01 7.920342991243813024e+00
1.609246705424910715e+02 4.604015148654818290e+01 7.938772437122253223e+00
1.610412940230665129e+02 4.618545266025186891e+01 7.948590026806686915e+00
1.610409620558452559e+02 4.618817719664183841e+01 7.902426507593230731e+00
1.611617052414464979e+02 4.629521755196871169e+01 7.946424162684749604e+00
1.612200967022180009e+02 4.646414891985918416e+01 7.926031341974133504e+00
1.574770780999988062e+02 4.396469094650497311e+01 7.814152186269445188e+00
1.573545346387976451e+02 4.402273352674494333e+01 7.802155239248055096e+00
1.565917003936368417e+02 4.411622521523970875e+01 7.808417373087441327e+00
1.568597738417356879e+02 4.433960661907410383e+01 7.844951986846202097e+00
1.571815046075116697e+02 4.451431771790868197e+01 7.782974132043935178e+00
1.581288146291295789e+02 4.439602542037549426e+01 7.799203264678117975e+00
1.587479401704410407e+02 4.482771378596408596e+01 7.823233749099777867e+00
1.589069672946328069e+02 4.498553654021399950e+01 7.863886111493450848e+00
1.587587306036521113e+02 4.496450598877039084e+01 7.915550844509820827e+00
1.585834195069691646e+02 4.503659281624214827e+01 7.840397045265956599e+00
1.590492216034715227e+02 4.513746184648204007e+01 7.900978563629540652e+00
1.590073038812076334e+02 4.517635797090872529e+01 7.909564026389944047e+00
1.593688887114301451e+02 4.539758164716685229e+01 7.884954874101067546e+00
1.595182001458515231e+02 4.568288780095814161e+01 7.890340136299472285e+00
1.607543613802454558e+02 4.628607785551456288e+01 7.933462692778184611e+00
1.611652657446908563e+02 4.664532985270350451e+01 7.981773133514783680e+00
1.608204173982858549e+02 4.647724856469242383e+01 7.943773795037314400e+00
1.610450420662250508e+02 4.726518953896673736e+01 7.928515398730141328e+00
1.618204847301467737e+02 4.619859852324326255e+01 7.958313116410629107e+00
1.626272533695219238e+02 4.660589746307675796e+01 8.010069119925356418e+00
1.616507282263027321e+02 4.626422413480531048e+01 7.938471196667961749e+00
1.620875677705447231e+02 4.657195057478620726e+01 7.980756228524523266e+00
1.617815289645112102e+02 4.656261491887842396e+01 7.968111018179845573e+00
1.618152989578609322e+02 4.659355352471727230e+01 7.959617114536294835e+00
1.615679013074926331e+02 4.656392624677302194e+01 7.954151171582293678e+00
1.617316437275341059e+02 4.659564556280567160e+01 7.911243506357248378e+00
1.616927436653819825e+02 4.662866006682312303e+01 7.948453314045148765e+00
1.618636930117042994e+02 4.671280700261326047e+01 7.966005611581897128e+00
1.621707458472801875e+02 4.682277704925766670e+01 8.020493850678057868e+00
1.625472085604702102e+02 4.699089503905757681e+01 7.979621715608921306e+00
1.626331212886810249e+02 4.704008875823748070e+01 7.984402809488203800e+00
1.620878564925292551e+02 4.693229427497857387e+01 7.998845554202583585e+00
1.621415596468757485e+02 4.700842550773463557e+01 7.955426471088427043e+00
1.621836527073895127e+02 4.707480759313083496e+01 7.957612943093070434e+00
1.624884507868790422e+02 4.724393118381193801e+01 7.996688368956235138e+00
1.633989213284264963e+02 4.716285797454787598e+01 8.011285936383506723e+00
1.627951437927600011e+02 4.710601728530016885e+01 7.977935719860845154e+00
1.630866911090493261e+02 4.728132246800279148e+01 8.014973451472190646e+00
1.632208515861297258e+02 4.742844478565169908e+01 8.028331930409239092e+00
1.633469903004344985e+02 4.754818631161367648e+01 8.013672797070512388e+00
1.628515814647461752e+02 4.728499347256082785e+01 8.019387707962335909e+00
1.626539934682035664e+02 4.733334475212585346e+01 7.998965975016492536e+00
1.632078342264492505e+02 4.766725024703756475e+01 8.004345430104113035e+00
1.635826574652425336e+02 4.764606813571155186e+01 8.035096792560274537e+00
1.637991737460149011e+02 4.781353545108368053e+01 8.042965375822483054e+00
1.636147296601281482e+02 4.786412454592695553e+01 8.047420491363880046e+00
1.638178420386710741e+02 4.784691557917478377e+01 8.025782289286969018e+00
1.637929806861508268e+02 4.793325796628283086e+01 8.007826669378124151e+00
1.639489387079514415e+02 4.796949535896003169e+01 8.057764288956441590e+00
1.638576819872231738e+02 4.805696700353863093e+01 8.046849659678613875e+00
1.648400666117385072e+02 4.816035876600335541e+01 8.070506581846691674e+00
1.642303027936026467e+02 4.806343543922644557e+01 8.084399777768604523e+00
1.643689457933139124e+02 4.814909458353523775e+01 8.015563487747087379e+00
1.643713075012169611e+02 4.822444615318187999e+01 8.047741039211693703e+00
1.643137692840475381e+02 4.819306199437756533e+01 8.058215077410679328e+00
1.645490325642901155e+02 4.835922941339082826e+01 8.099735983377811976e+00
1.649874069698643666e+02 4.849881818694752411e+01 8.063261707342826767e+00
1.647764363778560437e+02 4.855797529852964800e+01 8.064394501917137248e+00
1.650700046401044006e+02 4.869848939519561526e+01 8.101730397641752290e+00
1.658745614777193964e+02 4.901012770925141382e+01 8.100063423636488125e+00
1.653308678061111152e+02 4.893540800037742855e+01 8.085515086312149435e+00
1.662099120655953470e+02 4.899411216502017652e+01 8.078764633492511393e+00
1.617301917778029292e+02 4.690582578361893695e+01 7.950174608863114223e+00
1.616717513784774098e+02 4.695120264271260879e+01 7.934815720623531909e+00
1.615798774184969488e+02 4.701991287703640410e+01 7.930642268553540042e+00
1.620741875789257165e+02 4.702057114091047652e+01 7.927103166482577734e+00
1.623714739855062703e+02 4.720759963233371082e+01 8.000076576940703177e+00
1.623117093593371010e+02 4.730457571332003397e+01 7.968586784611912499e+00
1.621034653696146677e+02 4.774134126797432032e+01 7.999474148125596429e+00
1.627108008651061368e+02 4.741781947681138121e+01 7.972967896099951268e+00
1.628856954290673400e+02 4.753496455273009502e+01 8.023772864517313863e+00
1.630624245570013215e+02 4.775601514479995302e+01 8.002617804023643089e+00
1.634324870904277418e+02 4.823051005189546458e+01 8.028858019290456838e+00
1.637120544657526295e+02 4.833377453976756044e+01 8.082378931982763248e+00
1.639657662888972993e+02 4.822114063029957265e+01 8.052330901325689183e+00
1.642324738251766689e+02 4.878567973799727753e+01 8.059982593669005269e+00
1.647855634387101134e+02 4.868045774508579626e+01 8.104771568208542831e+00
1.650239607857938609e+02 4.886724258907011631e+01 8.074386071193105252e+00
1.647174839249859701e+02 4.893535071893029453e+01 8.113146957352658006e+00
1.640213989536370605e+02 4.868950090709736145e+01 8.069697140957634574e+00
1.642823469777433729e+02 4.884968589856523380e+01 8.034218446134927305e+00
1.643869768834076694e+02 4.888432142785928392e+01 8.068073554390945645e+00
1.640640179545727619e+02 4.903399116591462104e+01 8.035790680795285468e+00
1.656879436660005922e+02 4.916512245055579911e+01 8.119357097814376090e+00
1.659823360759896218e+02 4.960718508041643560e+01 8.140897737802735179e+00
1.658985844050779122e+02 5.003957547947102569e+01 8.128847061099616411e+00
1.662200091418824570e+02 5.018565015321058098e+01 8.165504479637775148e+00
1.678449184381890120e+02 4.926406050431381800e+01 8.159937996336283916e+00
1.685652089168771113e+02 4.961677537581450537e+01 8.196107067491572806e+00
1.689261044962011056e+02 4.982281802261836390e+01 8.234519398012913882e+00
1.672671069528857970e+02 4.959761803971863969e+01 8.131345104733661344e+00
1.674023165115912377e+02 4.968397994970181486e+01 8.155903995237418158e+00
1.667969708111070872e+02 4.973774337569766146e+01 8.160490550853284120e+00
1.672428272106822646e+02 4.992984911210346155e+01 8.128348463647011357e+00
1.685745082975282401e+02 5.021040372987150135e+01 8.237619478189161626e+00
1.688960340831124824e+02 5.037002745018511973e+01 8.264600236902110098e+00
1.683817656086393697e+02 5.024880621766464373e+01 8.222134621358341278e+00
1.691524028157216151e+02 5.076354898581305264e+01 8.257601906967979133e+00
1.694463296980437406e+02 5.074067900780942608e+01 8.259667818450704857e+00
1.722345351446070083e+02 5.134772190253652013e+01 8.356606036360275880e+00
1.706515269772564807e+02 5.103099026363340585e+01 8.248377687550533466e+00
1.708436343636631420e+02 5.135672100679699525e+01 8.341411036964982983e+00
1.708654992400524293e+02 5.138274155021643708e+01 8.314446512795665711e+00
1.697823448609142076e+02 5.099849405194330387e+01 8.270131279548950332e+00
1.699245430703172417e+02 5.114063113639960534e+01 8.295847644694280376e+00
1.701004752203909902e+02 5.120332780198927480e+01 8.250969002782154504e+00
1.705875509244528700e+02 5.149675492844529145e+01 8.302206044656136541e+00
1.708360414806640790e+02 5.156489002988393366e+01 8.292325038414702476e+00
1.710907918473403129e+02 5.169549524210061975e+01 8.283708372771831918e+00
1.719434068655699264e+02 5.184165900327114684e+01 8.329102166311097122e+00
1.717088853057101119e+02 5.177092719249986885e+01 8.312256085231526370e+00
1.726381089201572649e+02 5.198141426527056552e+01 8.375304090736591434e+00
1.726992683193984703e+02 5.205388871182612576e+01 8.357484463537799613e+00
1.725136292761848154e+02 5.217774898669295425e+01 8.367326914372799962e+00
1.724920034306561547e+02 5.219358423549706316e+01 8.379539261971091335e+00
1.719295505569907903e+02 5.198048531870650635e+01 8.355554121937762702e+00
1.720162473027552608e+02 5.220505736513207751e+01 8.306249999881822887e+00
1.713132033634848312e+02 5.190053334309555311e+01 8.351746404885664887e+00
1.720863420805658848e+02 5.211244445105464962e+01 8.392034701486080550e+00
1.722772270201442097e+02 5.215327612466359852e+01 8.369961098612389350e+00
1.722746386761704969e+02 5.225522403185285469e+01 8.385047823693607683e+00
1.724696358682812161e+02 5.232232029460642053e+01 8.378606329041492273e+00
1.727626370965860474e+02 5.245126446015884625e+01 8.417747355565442291e+00
1.721155506328548199e+02 5.230860203869413994e+01 8.350242069854774130e+00
1.721440350702898741e+02 5.238746399307060386e+01 8.370020196993351647e+00
1.721750609858993641e+02 5.239093832298951980e+01 8.429159454505777305e+00
1.725773890302373559e+02 5.267593312639753123e+01 8.402993875020367653e+00
1.667700510318374825e+02 4.982125071487155310e+01 8.176772858940447364e+00
1.680160069738128641e+02 5.065822036914691751e+01 8.198814191141382324e+00
1.690851744857278049e+02 5.118317163805196657e+01 8.219272495166654480e+00
1.693915557584734586e+02 5.120634519476357838e+01 8.280803878053138334e+00
1.701193459770543654e+02 5.153382058379607855e+01 8.253313879621147819e+00
1.699350011361686370e+02 5.176246783694762144e+01 8.289152513213181805e+00
1.712922044814301614e+02 5.238939047939859961e+01 8.318895343419935529e+00
1.733134700163458888e+02 5.174079888339117161e+01 8.371846546062725380e+00
1.744188830205458203e+02 5.221442605691597549e+01 8.430408867766686853e+00
1.734632098388038060e+02 5.205875271813154370e+01 8.407087057674702990e+00
1.735598730577388267e+02 5.222483919991071843e+01 8.415583356880469879e+00
1.747138478681346498e+02 5.239546057640579590e+01 8.468059154278982703e+00
1.756114935722292785e+02 5.258045315262526742e+01 8.497975335801404739e+00
1.759902211974428212e+02 5.270527777379501799e+01 8.469923310552964324e+00
1.752716369608022831e+02 5.290055970376163685e+01 8.466720638927634823e+00
1.732842074512627732e+02 5.239224495487253108e+01 8.418288432663391774e+00
1.729798311344476929e+02 5.240792421026913672e+01 8.425533139119128379e+00
1.733378212654284027e+02 5.263327773333553239e+01 8.402186919060531167e+00
1.740361795813190611e+02 5.277458914799282752e+01 8.414076328623037782e+00
1.740518804733197271e+02 5.286030406156255168e+01 8.435496110710939632e+00
1.739779886632873627e+02 5.291616156492328571e+01 8.426525629552324759e+00
1.740682273812408312e+02 5.294353995108056665e+01 8.464656660264758159e+00
1.743017717444068921e+02 5.299730877427040099e+01 8.450607076964423925e+00
1.728750245922044257e+02 5.248955891284324338e+01 8.373113711230335099e+00
1.730747152963281223e+02 5.256155778992803818e+01 8.443582096249251379e+00
1.735166802746691133e+02 5.277301269624430091e+01 8.436198801909423395e+00
1.729601343929434449e+02 5.270427856441001779e+01 8.396858139166745616e+00
1.732331247350853971e+02 5.280729100130868403e+01 8.447269324295215043e+00
1.734286143947826417e+02 5.305975313033903262e+01 8.427346337839088264e+00
1.738472842149615758e+02 5.294484102001200654e+01 8.462416335990562644e+00
1.739257765568046921e+02 5.295396255950277009e+01 8.423270811805492642e+00
1.739284010948474020e+02 5.295530092889806184e+01 8.437062559770335923e+00
1.738845106487825376e+02 5.308537342673168524e+01 8.429251858986125612e+00
1.741756605873012802e+02 5.303272753554388430e+01 8.441572216081354441e+00
1.743028525193195435e+02 5.308565072057118783e+01 8.488262455968092368e+00
1.743380542217913387e+02 5.316016786908906511e+01 8.497988435795834405e+00
1.741221169241820519e+02 5.319694463840149012e+01 8.437579733283593342e+00
1.740173720319511688e+02 5.335374048126867308e+01 8.445475929314280705e+00
1.746628844016297251e+02 5.297233100083755630e+01 8.444593130167239892e+00
1.750703416745232062e+02 5.320673931762262043e+01 8.440221286887705787e+00
1.752493610427231374e+02 5.329828124177061000e+01 8.553043772112626897e+00
1.745842783271289704e+02 5.304664294912041811e+01 8.469780586092648278e+00
1.745758633542626512e+02 5.317542141394522304e+01 8.439739292744148358e+00
1.747794322638990536e+02 5.323075163760380235e+01 8.452875919229997592e+00
1.749981552333195509e+02 5.333844211851849337e+01 8.536058339980565179e+00
1.753035571782561135e+02 5.343234200258140021e+01 8.533464097600560905e+00
1.754457495796334285e+02 5.336545822736703570e+01 8.500417803792332805e+00
1.761290301872559212e+02 5.349676449518631216e+01 8.446984936531061194e+00
1.759261513537170742e+02 5.356733511435292883e+01 8.509605902185278126e+00
1.761091748640516528e+02 5.366218437227301052e+01 8.506890782981347598e+00
1.762157593307703110e+02 5.370333087211854917e+01 8.545589280783497443e+00
1.755874116180294777e+02 5.358578397296020057e+01 8.532350879989452963e+00
1.756950818304622430e+02 5.360930240117022549e+01 8.503061761652221051e+00
1.756753095135524916e+02 5.364480412088482808e+01 8.523777832964526624e+00
1.756621296735545741e+02 5.363971972566992008e+01 8.477288181119019939e+00
1.759801158602772659e+02 5.375009874134663335e+01 8.504564367543409276e+00
1.753287114175493286e+02 5.365236537542405415e+01 8.512929339304086795e+00
1.745935444127593144e+02 5.342637798268030025e+01 8.474310145150971252e+00
1.749804411663392614e+02 5.362762921039177400e+01 8.498264588188774837e+00
1.750396857357319504e+02 5.366238095574531286e+01 8.434885971572979813e+00
1.749506722338565226e+02 5.377141076724775814e+01 8.486922101476821467e+00
1.758274571187914717e+02 5.388349259770239286e+01 8.526231273220055584e+00
1.762277254420008035e+02 5.408836568594739447e+01 8.564876438304796835e+00
1.765119738354915739e+02 5.288982652939787954e+01 8.530560189783946257e+00
1.764904226081873730e+02 5.303820019416367160e+01 8.514456334979030316e+00
1.770091463771027520e+02 5.313555992392498695e+01 8.536832776609944773e+00
1.772054121393091464e+02 5.321307782621012450e+01 8.510126678142693635e+00
1.764885592182238270e+02 5.309265978164178534e+01 8.509309513272111047e+00
1.766825332444627747e+02 5.317292106756703873e+01 8.500684337600182161e+00
1.766115089427780163e+02 5.319069678378154009e+01 8.528590749217825007e+00
1.766129149342014273e+02 5.320918073289083594e+01 8.530384089353523436e+00
1.779911956343504755e+02 5.382076904672966577e+01 8.579540982445191588e+00
1.766490577738443051e+02 5.360886490412346461e+01 8.561620557390506647e+00
1.766485496213512931e+02 5.363723240592875641e+01 8.547445629006588774e+00
1.770791557554832991e+02 5.378833016490487751e+01 8.553558686699954450e+00
1.784621585964612507e+02 5.379395131302816679e+01 8.570304974932419384e+00
1.781772048307220757e+02 5.430826222050455243e+01 8.579650741079104748e+00
1.784629497297601404e+02 5.438625295072866095e+01 8.631318959763566667e+00
1.787155661799001791e+02 5.447248942744992206e+01 8.634741784721050806e+00
1.789846587695415110e+02 5.459094147356442051e+01 8.646701206717350985e+00
1.787233265894630279e+02 5.451229355107838614e+01 8.576777252653304373e+00
1.792957011222288770e+02 5.447640542393141061e+01 8.621670243851990989e+00
1.795530978290890118e+02 5.464870564177738999e+01 8.672700753734540413e+00
1.792937924813152506e+02 5.472274970509670311e+01 8.635489384857304884e+00
1.797604575784361884e+02 5.490297102579239663e+01 8.705709852161136908e+00
1.768256687445178272e+02 5.385166737992719277e+01 8.539302400720570674e+00
1.768541558398881932e+02 5.398087328165821219e+01 8.556444115867936517e+00
1.764871261377193150e+02 5.386976697513358658e+01 8.564433443412495350e+00
1.764237626325419228e+02 5.388174192907962379e+01 8.539286579057797866e+00
1.765583010120693643e+02 5.390497546922089356e+01 8.555381987361059259e+00
1.765795589904327869e+02 5.402634766314751147e+01 8.515487770212555318e+00
1.768616900208756988e+02 5.402666400562821281e+01 8.596793831294966992e+00
1.770910937106407346e+02 5.410987994135771117e+01 8.561602130045734782e+00
1.767501552188933545e+02 5.414101628079531991e+01 8.562369392305742011e+00
1.775949487826573545e+02 5.417306046916559126e+01 8.588020112800688111e+00
1.774492445016047100e+02 5.416618290444777273e+01 8.577135179570971601e+00
1.775927914446142495e+02 5.426608021094842371e+01 8.622724687985941827e+00
1.776392028012624849e+02 5.428768717326080662e+01 8.607886954508920496e+00
1.777182899365228650e+02 5.422954802733000435e+01 8.582857142300117204e+00
1.779018151889366379e+02 5.427447766121313322e+01 8.647831676709992976e+00
1.779550607928724446e+02 5.431137115929946191e+01 8.625795990435571881e+00
1.779853130009154256e+02 5.431947250532132188e+01 8.575859083526662374e+00
1.778432163639040766e+02 5.433830929832986811e+01 8.637556511139983684e+00
1.778169528537524400e+02 5.436184367839572928e+01 8.584041129992138863e+00
1.772061249940032610e+02 5.417532019852079372e+01 8.607300144432139533e+00
1.772129060253397768e+02 5.419522396446897261e+01 8.545350899650818732e+00
1.774755827104787329e+02 5.430959347308724006e+01 8.625388796508449474e+00
1.773358315117755239e+02 5.435247124740735813e+01 8.579464665972048820e+00
1.773787887703460910e+02 5.441730299357097778e+01 8.556963325527195963e+00
1.769609549016771552e+02 5.436859100008775414e+01 8.591992130996580102e+00
1.767591464082966297e+02 5.437185360825117897e+01 8.624156270917881173e+00
1.772222207381535668e+02 5.437690493101266043e+01 8.606649365143899999e+00
1.781897926744676397e+02 5.445377020822305525e+01 8.594077388570401155e+00
1.783157045457244863e+02 5.447604782948791780e+01 8.607451533598917237e+00
1.783585608787687988e+02 5.449183509013437288e+01 8.628827893980483665e+00
1.785169014478271947e+02 5.458647778627477720e+01 8.607859919049170472e+00
1.786746423332077711e+02 5.458877282298816169e+01 8.614896704268710792e+00
1.787930806066693492e+02 5.468943759881801725e+01 8.632242625385888601e+00
1.788650352012143969e+02 5.466638907675252312e+01 8.644162815539139899e+00
1.786449199630669398e+02 5.473299488412865088e+01 8.652821620145109804e+00
1.788016782157448858e+02 5.491277739670456270e+01 8.671495305343277948e+00
1.790888853877912368e+02 5.479732290438320774e+01 8.650331341165275134e+00
1.797001902266468107e+02 5.504611786866467327e+01 8.674155219324847010e+00
1.795165662248866454e+02 5.520392083073729594e+01 8.695212477545423368e+00
1.736933154969119926e+02 5.327753438614404047e+01 8.386789059175477234e+00
1.741229323817676686e+02 5.356119358103732253e+01 8.455642807433958907e+00
1.751202492828336403e+02 5.399104549400180275e+01 8.515687560012692003e+00
1.751546581567799876e+02 5.397213388274308699e+01 8.512319321306154762e+00
2.407413233267039061e+02 5.324779184288902201e+01 1.271517002540212182e+01
2.401910340119610225e+02 5.374574766435304696e+01 1.263086782760090898e+01
2.491681446552417185e+02 5.108131010784139647e+01 1.375600450783281126e+01
2.508971516975050235e+02 5.008305872968074368e+01 1.411148847390017025e+01
2.481223705529434085e+02 5.106411924273801617e+01 1.367990557114998396e+01
2.475669698714919491e+02 5.125995921175473313e+01 1.358094029179615347e+01
2.475160899963657073e+02 5.156223784893377626e+01 1.358590664090526978e+01
2.444546721248090080e+02 5.220098781071556715e+01 1.316039232960849859e+01
2.448132830943672786e+02 5.242069741143821915e+01 1.318443886063079695e+01
2.446555803335986354e+02 5.266374792899610213e+01 1.317278838047823797e+01
2.454522684346469532e+02 5.231980174009776619e+01 1.324698043218482191e+01
2.450828893646508391e+02 5.277561043585838974e+01 1.319699866337568039e+01
2.440088632181102923e+02 5.262329390825816233e+01 1.305279122237008416e+01
2.439638847613947519e+02 5.270320657634684380e+01 1.309071582985072268e+01
2.436424251082517571e+02 5.261558399755104887e+01 1.311890873146251835e+01
2.436571544130183327e+02 5.264388070651503426e+01 1.309028007726686482e+01
2.435749939084264497e+02 5.262941215314786803e+01 1.304617042975327657e+01
2.441891977763802117e+02 5.301837966233693322e+01 1.303171755467402448e+01
2.417494501655838519e+02 5.296493114725102203e+01 1.286009683862335606e+01
2.425548019531175612e+02 5.313220722883619374e+01 1.288095489466878618e+01
2.434916939080017926e+02 5.321022761795642708e+01 1.301722372778113446e+01
2.425634295614631526e+02 5.345601515121617098e+01 1.285582580838573108e+01
2.447539138050925658e+02 5.289646126235530232e+01 1.312174433008932972e+01
2.409137817372180734e+02 5.322692039447311885e+01 1.274574665094664105e+01
2.409095156145149872e+02 5.358727888776402892e+01 1.271790845027226879e+01
2.416091778236003336e+02 5.414787512669212788e+01 1.274493156795020177e+01
2.033227798849065664e+02 5.788523287937783124e+01 9.761344717526027281e+00
2.029405860160643726e+02 5.804152548180341853e+01 9.761274669051156039e+00
2.014997512776592998e+02 5.770101637838663322e+01 9.658524334470705242e+00
2.011487882138027317e+02 5.801291665343060799e+01 9.722703422439314735e+00
2.024578338229615326e+02 5.770738828401432841e+01 9.766350433554105592e+00
2.027120151284173346e+02 5.808729227083365743e+01 9.709533107729212631e+00
2.023657054835837528e+02 5.798284374282993525e+01 9.766827579683878824e+00
2.024507172725443525e+02 5.820626615221800648e+01 9.720757576526352750e+00
2.022877770322104425e+02 5.827241279060158519e+01 9.709629451126890132e+00
2.016884514159354467e+02 5.824308677215079655e+01 9.715047810239447301e+00
2.011394165973550514e+02 5.821761778969255374e+01 9.704020718155748071e+00
2.020078062969296298e+02 5.832247839894922947e+01 9.690690469128439233e+00
1.987212545743904002e+02 5.771183103330479724e+01 9.523393612503415540e+00
1.991697168403819376e+02 5.779774745559603133e+01 9.585928982882077065e+00
1.988072305863500162e+02 5.804579394371945256e+01 9.577996031603277061e+00
1.978267232834322158e+02 5.765379171156713767e+01 9.526349140414948735e+00
1.970473674459092877e+02 5.748658668603106747e+01 9.449769654407365493e+00
1.969528192145076275e+02 5.762638566384561756e+01 9.453350995027260950e+00
1.968728807966041927e+02 5.786175295755109715e+01 9.490366454356559345e+00
1.966221013651492910e+02 5.783785922189598949e+01 9.436971932687409748e+00
1.967000184376425977e+02 5.783106751365190235e+01 9.466336751099126090e+00
1.967999755765918906e+02 5.795011636639131325e+01 9.447719522718420748e+00
1.967480064888076186e+02 5.802663889882217774e+01 9.463520241081132767e+00
1.984824787513340993e+02 5.774109991464644054e+01 9.536532205281618602e+00
1.978003183488251864e+02 5.777586359544944372e+01 9.550787966639473936e+00
1.986442087059855055e+02 5.785734779068975797e+01 9.522921773833829207e+00
1.987616786820598520e+02 5.804055603659210760e+01 9.556808488799186208e+00
1.987629214207416624e+02 5.815564177773529053e+01 9.549405621275965927e+00
1.980297093778675332e+02 5.810040949222317863e+01 9.517765152706099130e+00
1.980670309875306714e+02 5.823381245861974520e+01 9.540892994569267316e+00
1.980367078111069361e+02 5.844283955092998184e+01 9.528312743236821092e+00
1.974933939971178916e+02 5.789099028947610037e+01 9.507548263589697513e+00
1.971161927180556290e+02 5.813010831383982691e+01 9.492564578519560925e+00
1.970417422245395471e+02 5.822230436136615594e+01 9.461789823803014698e+00
2.003278956190619624e+02 5.769031082908299624e+01 9.612691717598311314e+00
1.999581542327442207e+02 5.765452448021603260e+01 9.621400350269166069e+00
2.004355183394122832e+02 5.832153285673449261e+01 9.639181338355962581e+00
1.995120791915013285e+02 5.821762045740190672e+01 9.604309239386932262e+00
1.991628025862466984e+02 5.819208325079358701e+01 9.561693260921154902e+00
1.993086045211875614e+02 5.819858861881122181e+01 9.578793646484134783e+00
1.994494566556503798e+02 5.846325142924940366e+01 9.592559164569472330e+00
2.008179847003157192e+02 5.823380870616133365e+01 9.686105330382201117e+00
2.008769960855227339e+02 5.839385397928065657e+01 9.707711307929256961e+00
2.005580617949419207e+02 5.839283546459351726e+01 9.678594290062189742e+00
2.011531700926821316e+02 5.863242504326534288e+01 9.690576514984186929e+00
2.001650130893179096e+02 5.863287314181950194e+01 9.637537223757181692e+00
1.987927722888780124e+02 5.865915152577689184e+01 9.577525776248313250e+00
1.979622979600115684e+02 5.860365708687199771e+01 9.540156145068069193e+00
1.892493621517532745e+02 5.618983261515869998e+01 9.097134819006162942e+00
1.893103687195828684e+02 5.683404968946517499e+01 9.105819552560797447e+00
1.884047842273076014e+02 5.696818130508491151e+01 9.023085442385157862e+00
1.881917864886133884e+02 5.724786772215706776e+01 9.089536578850649917e+00
1.843481278797875689e+02 5.537453082445068020e+01 8.875369057843855103e+00
1.843268490354415690e+02 5.547686062774388915e+01 8.840901213391282099e+00
1.821951167472184352e+02 5.459938480405663341e+01 8.767683702367842002e+00
1.805720156775012697e+02 5.429290344051456429e+01 8.736720903355541523e+00
1.805759619997374443e+02 5.450909302140802737e+01 8.678017083288134259e+00
1.805363681111142853e+02 5.471761670912103881e+01 8.654640792023075235e+00
1.800512749634794147e+02 5.482459964555047804e+01 8.709146955860472161e+00
1.800716936126613632e+02 5.491178007092120339e+01 8.720072455748754336e+00
1.800125835625573814e+02 5.495665520264456916e+01 8.709326475194840711e+00
1.802144272217431649e+02 5.497794523319957705e+01 8.729700603584094054e+00
1.800346093029860697e+02 5.506232167169494573e+01 8.687458626410382578e+00
1.811212764472088281e+02 5.496240071752943379e+01 8.716105983355667775e+00
1.810135352003598541e+02 5.506864927424680900e+01 8.747336826842300184e+00
1.814686675128746458e+02 5.508695527784766455e+01 8.807565982430279661e+00
1.815279377572300064e+02 5.525437516043369612e+01 8.787084337989753635e+00
1.811634466913012602e+02 5.520602377934800131e+01 8.740486006352414350e+00
1.813608508975111704e+02 5.525964248759901665e+01 8.752895056727929557e+00
1.805876026341800014e+02 5.493965322808902840e+01 8.720120584756195115e+00
1.806842726010055742e+02 5.494157570014839820e+01 8.700776826431999567e+00
1.809154533283351611e+02 5.495059098908208739e+01 8.724023948099997483e+00
1.809082738443429719e+02 5.503555243730135516e+01 8.723077811149213545e+00
1.805372274232023244e+02 5.523650494676754619e+01 8.678731834605867945e+00
1.803268468738645254e+02 5.503479576648715010e+01 8.767814334355596984e+00
1.800971758914224381e+02 5.512748491421714192e+01 8.715815568409137626e+00
1.803795728177317130e+02 5.524233478725818003e+01 8.718371383348754833e+00
1.803610900614256423e+02 5.530730025308251641e+01 8.703080361201873671e+00
1.803445565608149366e+02 5.526660005837305079e+01 8.695814424273878629e+00
1.802160589704344602e+02 5.521463850374309601e+01 8.697954694432056044e+00
1.800984911738271990e+02 5.526903461774737991e+01 8.688761241906370003e+00
1.809034929738446067e+02 5.527250675466182628e+01 8.776192649736913154e+00
1.808987890277592498e+02 5.525076861199728029e+01 8.743097852482794252e+00
1.805851384060741793e+02 5.529574521972021017e+01 8.679747309062632254e+00
1.828337903772923028e+02 5.479500979801635907e+01 8.837440438300305345e+00
1.819642252711572326e+02 5.541703945306812784e+01 8.786321669605747786e+00
1.826594803213956482e+02 5.556194259708314576e+01 8.856982629249319672e+00
1.823080625792530327e+02 5.538402528905024980e+01 8.805977593011881766e+00
1.822590997075600683e+02 5.557187383674101966e+01 8.781053040433535628e+00
1.822385448978814111e+02 5.556737065607731552e+01 8.785870459977324742e+00
1.821178009110761025e+02 5.578632116954226916e+01 8.774186650399302678e+00
1.832445064118083451e+02 5.574621983313605256e+01 8.824345464570315656e+00
1.837104966150515395e+02 5.582482890514050666e+01 8.846871404813192896e+00
1.835523107608087514e+02 5.594545743810041927e+01 8.825823616383301484e+00
1.834240100994678926e+02 5.596585357899390800e+01 8.862350647368101519e+00
1.832666253695640535e+02 5.594674653229743200e+01 8.837706339241867326e+00
1.826117409638529523e+02 5.604189322838366394e+01 8.837665605476258790e+00
1.817548116844064907e+02 5.542613942731606613e+01 8.747994019407752120e+00
1.814189902456524237e+02 5.538493837400837805e+01 8.743300091182831579e+00
1.814053288271726672e+02 5.554532667980135585e+01 8.744864715112569797e+00
1.809609462636393573e+02 5.557980541767533111e+01 8.710384969283968104e+00
1.808392997262878907e+02 5.557661160050566451e+01 8.743635837968078306e+00
1.805419000178576141e+02 5.571527537856795220e+01 8.718688066242249235e+00
1.861301583924943372e+02 5.624530805488948459e+01 8.946308133132804485e+00
1.841979104133303622e+02 5.618875885435759443e+01 8.885526406924164178e+00
1.857796670758273194e+02 5.607028016604413523e+01 8.933783383687003976e+00
1.858213806845441525e+02 5.625229087862968669e+01 8.985335818831499566e+00
1.856978042448057522e+02 5.629708906797576162e+01 8.959283616241714654e+00
1.855461835369093535e+02 5.638627538918382243e+01 8.974909771780145817e+00
1.852333711485539993e+02 5.646242302256109724e+01 8.924235090077653254e+00
1.857643128018143557e+02 5.645289745647785651e+01 8.919200259927267282e+00
1.850291456651530666e+02 5.677662900202702190e+01 8.927388005926786718e+00
1.848460507963346799e+02 5.633350084198823993e+01 8.884985676916135944e+00
1.877552697507041728e+02 5.647314637036543417e+01 9.024277503260213606e+00
1.876425355306220126e+02 5.660447559856878286e+01 9.023302988596451968e+00
1.874419492566082113e+02 5.679092157483561465e+01 9.056198526034290097e+00
1.866632305168287758e+02 5.643055399652837423e+01 9.025883865043542897e+00
1.866694659916892078e+02 5.659421774808732408e+01 8.987920427327091843e+00
1.866944652578647776e+02 5.662164504941751630e+01 8.938027945835901988e+00
1.867152724543037721e+02 5.662598288856484174e+01 8.992753146690271038e+00
1.869957709966150787e+02 5.671202187006808515e+01 9.003424646294147848e+00
1.869067607559697137e+02 5.689166266309110398e+01 8.987885958600770664e+00
1.864825019906483874e+02 5.688741894172881786e+01 8.946392892877238268e+00
1.879287851813593306e+02 5.696788104848304357e+01 9.028719341060385872e+00
1.874758454284085190e+02 5.688792203822088567e+01 9.080379052536255102e+00
1.859142513878511807e+02 5.673950125134471278e+01 9.001146616967666603e+00
1.857979494196660255e+02 5.677120741633670775e+01 8.978142292551661185e+00
1.838267895578989055e+02 5.595477306217866698e+01 8.847564980634784249e+00
1.838734682487794885e+02 5.620428369986245798e+01 8.864911072088560218e+00
1.834053443548335451e+02 5.611792153239559866e+01 8.863329473208352738e+00
1.833787477873188720e+02 5.626098458591312124e+01 8.896461298587841071e+00
1.835087328351224585e+02 5.647147846178575747e+01 8.864415195761720767e+00
1.922454788390497527e+02 5.661492598980131419e+01 9.187218153829880052e+00
1.920936243353294230e+02 5.665195728240366435e+01 9.150101726423670812e+00
1.925074707305660127e+02 5.726812632084167376e+01 9.317896916513978667e+00
1.956348536391213031e+02 5.734692837968835022e+01 9.413972515071241887e+00
1.956910689320007180e+02 5.769983358922049632e+01 9.393015093367656831e+00
1.946024599220003211e+02 5.760158175069516773e+01 9.372802627482823112e+00
1.950360916206148261e+02 5.758442832917182130e+01 9.345480563530381701e+00
1.936518351759931136e+02 5.736493111009414037e+01 9.323780216206429827e+00
1.930907836897608263e+02 5.732410709001624127e+01 9.228660037657668624e+00
1.930919087976373021e+02 5.749996043661506917e+01 9.301866199359047016e+00
1.926905377521807736e+02 5.787060949039528168e+01 9.267778566809989016e+00
1.942255699285152275e+02 5.749868882600669906e+01 9.297590814344477650e+00
1.939506701599227085e+02 5.786829307580597259e+01 9.310476747909095963e+00
1.942508985258380960e+02 5.802054117491774576e+01 9.372438592439985783e+00
1.910637117112521537e+02 5.693398194225967757e+01 9.226104248635248695e+00
1.904932212218568850e+02 5.695820728892856977e+01 9.166521526543771614e+00
1.902700117111791087e+02 5.703530988394402357e+01 9.147124516635553704e+00
1.904506427141410256e+02 5.710101822293201224e+01 9.135054201103043781e+00
1.902998126710107272e+02 5.720887031783791343e+01 9.126865112641240785e+00
1.917304291868391886e+02 5.680173478737909676e+01 9.149006264153024759e+00
1.918585180311419549e+02 5.697931269745451033e+01 9.218050173135026171e+00
1.913089660569946489e+02 5.703745845476019127e+01 9.168304894128741722e+00
1.918164048825345560e+02 5.740937581807175860e+01 9.197523467248243989e+00
1.914946208681218991e+02 5.732567585769045593e+01 9.195784170502886212e+00
1.913031051217149354e+02 5.741166867648984606e+01 9.216142878329243615e+00
1.908533662129043194e+02 5.743819265376328786e+01 9.149238347248051184e+00
1.897486411170753513e+02 5.702534687280509473e+01 9.151043297142553712e+00
1.894227347427641632e+02 5.698029294771483677e+01 9.139465604166616686e+00
1.893627318899603722e+02 5.696341692190036099e+01 9.094954298509565049e+00
1.901354906838826651e+02 5.713545155888073168e+01 9.156062121452119840e+00
1.901033883917199034e+02 5.722950595020876108e+01 9.140185210124224469e+00
1.898316726482092633e+02 5.728535930985369617e+01 9.142473018474662538e+00
1.959707551791385640e+02 5.762620119006116681e+01 9.423964597021711853e+00
1.961750241641391881e+02 5.790845102814112266e+01 9.454554815505767706e+00
1.959953285959217908e+02 5.771886120441098456e+01 9.419634175059442782e+00
1.957700166516463014e+02 5.779847963436163383e+01 9.406181117457938612e+00
1.962973444267778973e+02 5.798073056749723264e+01 9.404340494833562047e+00
1.954467158949520069e+02 5.789081911924969148e+01 9.378689432362540046e+00
1.953523673517999555e+02 5.802346082389587423e+01 9.400025085732240271e+00
1.957059472165526586e+02 5.846124319174735717e+01 9.392247833244175226e+00
1.965905958772574706e+02 5.833837198152708226e+01 9.508476735656707035e+00
1.967476718787591210e+02 5.832055749205425599e+01 9.456660163892042448e+00
1.965009686771727218e+02 5.847264604298404578e+01 9.492112001676133559e+00
2.382840576596464075e+02 5.408724852030092478e+01 1.236129046823150546e+01
2.399468513093573279e+02 5.438737875486539508e+01 1.254247809838473060e+01
2.392273904787306833e+02 5.447393239283091759e+01 1.255184303612984742e+01
2.392511086301657315e+02 5.453578826961737036e+01 1.250699543496474675e+01
2.371090130354930636e+02 5.435130894704301596e+01 1.228261438523772675e+01
2.364964097799415015e+02 5.425943642314784654e+01 1.224569295188967999e+01
2.379960499482200191e+02 5.455296431155267101e+01 1.237453069422421947e+01
2.378968484306205653e+02 5.470952788867100480e+01 1.240128941645667560e+01
2.379710939208875686e+02 5.473928818406911034e+01 1.237421934481103136e+01
2.377654075213889655e+02 5.525140394241660147e+01 1.231741943897275604e+01
2.359748486286891875e+02 5.434986490340604348e+01 1.220413757876679384e+01
2.344856571750448779e+02 5.478299046607837397e+01 1.204905211387715624e+01
2.342316630283173993e+02 5.493507696821651365e+01 1.200528621945544749e+01
2.341473369937249913e+02 5.491574247691746535e+01 1.198225500483366268e+01
2.373116877172481338e+02 5.530823355514627337e+01 1.223904809440497843e+01
2.374479445071139594e+02 5.537851994904112019e+01 1.229723593014650440e+01
2.374226126173538489e+02 5.549821028922459476e+01 1.231149951215557792e+01
2.351614317042241851e+02 5.563294473062489232e+01 1.204391133102656042e+01
2.287664537572528616e+02 5.605371156529266585e+01 1.150614352302364374e+01
2.291196461592260789e+02 5.637806473348472736e+01 1.148836877766287579e+01
2.328450715040689829e+02 5.566213387592525663e+01 1.182141802430903610e+01
2.334890438199562652e+02 5.559096759583799496e+01 1.190810847360044988e+01
2.346633120758996824e+02 5.588188115084756191e+01 1.199413816181973047e+01
2.339871326951663661e+02 5.608351298984026556e+01 1.190605012265879026e+01
2.338513575925888119e+02 5.621166741552875834e+01 1.187729129623054547e+01
2.322381983294476129e+02 5.578604538084283604e+01 1.181907904248506291e+01
2.315007448481033521e+02 5.613289851905168604e+01 1.170425909403469689e+01
2.314670627385903572e+02 5.613350236683762517e+01 1.173504072424329969e+01
2.319432845833898682e+02 5.635003147346853325e+01 1.173138685124115099e+01
2.332571470360714159e+02 5.620767746579798541e+01 1.182978539945490759e+01
2.328427636122571300e+02 5.637163659657358750e+01 1.184077235009904250e+01
2.328024064523980599e+02 5.643054160931006891e+01 1.182810333742592057e+01
2.308576290489825453e+02 5.648480820356822107e+01 1.164995536310486557e+01
2.314609603008755414e+02 5.646904702917411356e+01 1.171941904734270778e+01
2.317549707473965270e+02 5.655480284951300973e+01 1.171702433826398071e+01
2.303391597965261042e+02 5.679402041014775904e+01 1.159403973983824798e+01
2.208839461721305497e+02 5.721982613717017330e+01 1.088542139002186993e+01
2.202534246679227294e+02 5.762673376762938204e+01 1.078010860530431003e+01
2.202665321210427862e+02 5.783021278316963532e+01 1.082942256027312311e+01
2.171559022037502871e+02 5.759600834722825624e+01 1.063372083033349647e+01
2.189921619225133043e+02 5.803115047185819009e+01 1.074391535776515205e+01
2.191596842150013060e+02 5.822871168369734107e+01 1.072381116648890931e+01
2.158616455264157707e+02 5.764261522279041827e+01 1.051907886305164297e+01
2.157132944332222451e+02 5.776879725954754718e+01 1.051238118568516811e+01
2.138999128391422175e+02 5.772414447700433726e+01 1.040587743941757282e+01
2.153321292684057369e+02 5.810487248008251981e+01 1.047549966470645622e+01
2.168017169947245293e+02 5.797273112208108614e+01 1.054370151615507467e+01
2.177992576590452813e+02 5.847443741195141342e+01 1.065060594519690085e+01
2.175548372931282586e+02 5.862088317434229623e+01 1.059148986162096762e+01
2.169468805156290614e+02 5.863466727485026553e+01 1.058028636260024236e+01
2.150227821058651898e+02 5.871753301797010494e+01 1.043212863251549471e+01
2.154105795311820373e+02 5.905988171776766649e+01 1.048142140757980378e+01
2.247511885976487349e+02 5.676965808290445636e+01 1.118746992436726906e+01
2.249757955247844166e+02 5.687678652011583580e+01 1.121626333439613710e+01
2.252606037144236950e+02 5.684307302256171113e+01 1.124376954123509265e+01
2.275163166689614798e+02 5.687671799056166577e+01 1.138514632315894026e+01
2.269260217084841429e+02 5.692452411718661409e+01 1.131600016824885735e+01
2.273343528514753018e+02 5.736499922516970429e+01 1.135402495893159980e+01
2.280575734509140204e+02 5.762942469998974815e+01 1.140898326848364519e+01
2.255277673515084871e+02 5.761351379128922900e+01 1.119719898081666543e+01
2.225606378529134304e+02 5.705141546809460351e+01 1.103807502820154873e+01
2.240323679892622692e+02 5.704176130975231729e+01 1.112429628542281890e+01
2.234206630371859887e+02 5.747140430786549814e+01 1.103644059862655880e+01
2.227040826578827932e+02 5.794137179588752673e+01 1.100638041062262040e+01
2.234661815741568773e+02 5.812118628508731177e+01 1.102416675494494314e+01
2.230830298600315871e+02 5.807385033971421961e+01 1.098439716277071376e+01
2.226883996446809419e+02 5.821346675236902257e+01 1.100326188366532598e+01
2.244498999410220677e+02 5.802445218673161520e+01 1.111768790323740852e+01
2.241375379745780094e+02 5.829969430180062062e+01 1.115806880786680111e+01
2.210492802107241914e+02 5.787508531112588628e+01 1.086357255073744099e+01
2.207707576594614807e+02 5.799131892530807875e+01 1.084713559912865932e+01
2.207984785612333098e+02 5.835400026594768264e+01 1.081960781892871992e+01
2.398772450837539907e+02 5.450117212497055874e+01 1.253910470084120377e+01
2.399706869757981451e+02 5.457793419540271884e+01 1.252291327868026904e+01
2.111806786863339767e+02 5.789206217490436757e+01 1.023672891533837515e+01
2.072943221105814757e+02 5.799256771262074039e+01 9.984457423775246809e+00
2.071045983458393778e+02 5.804642545855834612e+01 9.938276066615713944e+00
2.062643144178627779e+02 5.815221749301490917e+01 9.951522867087913227e+00
2.054584276329663624e+02 5.845166269089021682e+01 9.887413852649510559e+00
2.054696031301142796e+02 5.848425916509145139e+01 9.887552212648552441e+00
2.062664601186723417e+02 5.860014259582047913e+01 9.966992331942767791e+00
2.058329917454272220e+02 5.851469451138188305e+01 9.892995222474491257e+00
2.057493499097220138e+02 5.855973570430275998e+01 9.890627557521920465e+00
2.089646654259679224e+02 5.804557169431919306e+01 1.010892625278795265e+01
2.079026397198375946e+02 5.809415775152269390e+01 1.001215425943985160e+01
2.093830474048020562e+02 5.848161512923030614e+01 1.013186774223195208e+01
2.090517065007395843e+02 5.863095310825114126e+01 1.013588869812076609e+01
2.095628839007100623e+02 5.876380274766528800e+01 1.017057074967373076e+01
2.074167489022655957e+02 5.859793055696088970e+01 9.988928444075494184e+00
2.071554911117545430e+02 5.848585316023584113e+01 1.000065240800265443e+01
2.070266873761324007e+02 5.867353989611559939e+01 9.980894147402251448e+00
2.075224818805675682e+02 5.894854457629458011e+01 1.008274395977177917e+01
2.127012790438109562e+02 5.797888853070927695e+01 1.034049457818711559e+01
2.136881457664529194e+02 5.846174521992606543e+01 1.038529402614288344e+01
2.131138483482357344e+02 5.877955185461009791e+01 1.035119820380196387e+01
2.118799865492296703e+02 5.883333998549051103e+01 1.025469969781946489e+01
2.105984251330351356e+02 5.879006928073825122e+01 1.023677818660843108e+01
2.103364330777996827e+02 5.885110157543714848e+01 1.018799259438468496e+01
2.103178034962453182e+02 5.911456742019106514e+01 1.021343726791121576e+01
2.112200174185564663e+02 5.909259212124345595e+01 1.018191336273558534e+01
2.038383065729054238e+02 5.809438574832110902e+01 9.812937122204813178e+00
2.042829724635650166e+02 5.847092620271200758e+01 9.856234494559849679e+00
2.049250608674338139e+02 5.846692451664800672e+01 9.923241461227680915e+00
2.055146542367173765e+02 5.870940802551155002e+01 9.867429381387534448e+00
2.036455235563812209e+02 5.900311540525617460e+01 9.864284158153180826e+00
2.040571550487876493e+02 5.920631991111120840e+01 9.855003775745199590e+00
2.030740301218191064e+02 5.844942749892739897e+01 9.772369651241559652e+00
2.029044927550962427e+02 5.851404762720817132e+01 9.781229688528050303e+00
2.025880276646188065e+02 5.849683170025475221e+01 9.733753404198745685e+00
2.025456357279595636e+02 5.862850710280213917e+01 9.772936983212062501e+00
2.025284886089649490e+02 5.882411194571059809e+01 9.790208007817131630e+00
2.031849309856124819e+02 5.867279621701121073e+01 9.792775217231744378e+00
2.030641502861183767e+02 5.883723745942410233e+01 9.773785287439169522e+00
2.013858155272081092e+02 5.903794210018465094e+01 9.716456271474177342e+00
1.233883072848448847e+02 -7.590141080176521449e+00 8.953664433527743327e+00
1.258139194631497162e+02 -3.344699246753749744e+00 8.641498156543995890e+00
1.264194865904575664e+02 -2.693827380338099431e+00 8.574227736985166715e+00
1.257257910441212800e+02 -2.659322538777615375e+00 8.645882701841609119e+00
1.266210751482685737e+02 -2.433932581397495909e+00 8.578394062177109092e+00
1.266109368231706043e+02 -2.347282430170121614e+00 8.562976417844627264e+00
1.270861877218089262e+02 -2.097264886560929131e+00 8.551496523742866174e+00
1.271689158891324780e+02 -7.363223313560366412e-01 8.477689874879111187e+00
1.271915576434309543e+02 -7.146520635368216467e-01 8.422707644905214508e+00
1.265341411599946753e+02 -2.699627209761132907e-01 8.483222416131695809e+00
1.265956217199492357e+02 -1.848694431658461090e-01 8.430778142123246610e+00
1.277914629351861748e+02 3.312839778130166613e-01 8.374308796210565120e+00
1.272728219832024052e+02 7.832101491609502197e-01 8.385832002006834429e+00
1.274123631467223134e+02 7.862211551847277935e-01 8.351034200721775491e+00
1.274441347740959429e+02 1.007728636790395926e+00 8.351699411292010211e+00
1.272784646199676502e+02 1.069721991149729323e+00 8.389390092278151911e+00
1.272520076663501669e+02 1.086208161911269121e+00 8.357355545238815964e+00
1.278092167873777640e+02 1.247614930875572181e+00 8.324373544112939172e+00
1.285661915364441370e+02 1.247415418607690452e+00 8.305994719174739416e+00
1.280475256583437158e+02 1.247786067048467729e+00 8.331734977970434386e+00
1.280265094081237294e+02 1.535487432807268959e+00 8.335586760894901914e+00
1.278243492300706237e+02 2.120533775691701095e+00 8.261700199114457632e+00
1.280085188301983692e+02 2.315055568825389543e+00 8.270351971448366868e+00
1.285820314796525565e+02 2.015034449509802261e+00 8.302288742845084002e+00
1.294764300835961421e+02 3.326337173371259670e+00 8.165910392614520674e+00
1.283119604933463620e+02 3.470129373681381413e+00 8.254909188942546550e+00
1.283239294891954216e+02 3.763590363260774563e+00 8.224324081650955520e+00
1.283519422210530081e+02 3.901031044558867400e+00 8.210761394428415016e+00
1.298879304291054098e+02 4.191152598366172377e+00 8.118758062759294347e+00
1.292341313177945210e+02 4.077530125723741072e+00 8.170970937070626050e+00
1.289137232769586490e+02 4.274117176060142853e+00 8.199565500839778309e+00
1.296150900282221130e+02 4.425206890034596441e+00 8.154781176386467934e+00
1.291589703844949497e+02 4.676783192171593662e+00 8.164461505059351865e+00
