8.613143729235904544e+00 1.764228055094031911e+00 1.648420458556598334e+01
9.725667990968343446e+00 5.740054510624796436e+00 1.439971247379672370e+01
9.392694685792042364e+00 4.432108117510893841e+00 1.561569218083786836e+01
9.430744931600754555e+00 5.312192554044973924e+00 1.474714271301738933e+01
9.543006842964718572e+00 5.389399968459306578e+00 1.486878951439831553e+01
6.579253392048888038e+00 -2.327410149765708258e+00 1.519924849567999026e+01
9.295621066973234647e+00 3.862281877263076701e+00 1.583396465404875819e+01
9.277312665082691368e+00 5.592135186949919401e+00 1.468215143761553776e+01
8.981339816326217473e+00 3.258806857936076717e+00 1.622111719383841688e+01
9.333720804077074717e+00 5.724389031206120748e+00 1.444718180651054773e+01
9.183716624345693802e+00 3.368534311492146216e+00 1.609508616312536944e+01
9.210495410134534211e+00 4.449680771014523195e+00 1.564706867293699766e+01
9.046800196934887239e+00 3.195150748094517823e+00 1.621720739489520113e+01
9.467993035364941079e+00 5.242770903466023924e+00 1.513880232631231237e+01
9.378199949007798963e+00 4.643522224812113741e+00 1.544787860305201832e+01
9.426771977739541342e+00 4.739498539459634507e+00 1.542111451625554963e+01
9.566509645880266532e+00 5.422897375935072262e+00 1.472036425698486894e+01
9.460440220111518528e+00 5.796573769551943478e+00 1.455847026848533154e+01
9.287145829891914062e+00 4.862980021130944408e+00 1.548531202053717948e+01
9.268057175737819620e+00 4.891017685833765505e+00 1.551234931219332225e+01
9.327179182450080930e+00 4.884022847754637020e+00 1.539560695042328042e+01
9.394214653296987905e+00 4.969979468043335125e+00 1.532943837538482335e+01
9.393613182921708216e+00 4.778837017698659650e+00 1.542149048292114166e+01
7.797565740599618600e+00 -1.866630372182782605e-01 1.630590332763777539e+01
8.964864308848541796e+00 2.881233988785861122e+00 1.630959136208939952e+01
9.304345988772217524e+00 3.927758438031030863e+00 1.583099298998610038e+01
7.020836130487235316e+00 -1.667779067186421216e+00 1.568558378500597961e+01
8.902506905305068940e+00 2.588918801863719477e+00 1.636011565060152151e+01
9.230727476660105069e+00 3.423982755386667076e+00 1.603084666336636843e+01
9.509089863492290462e+00 4.739730386934126294e+00 1.539197237221269710e+01
8.423699721552734943e+00 1.019248807097499210e+00 1.647222740167876864e+01
7.103225505771864512e+00 -1.452961385339099465e+00 1.574895841341364644e+01
9.050428694606063473e+00 3.574050380657167736e+00 1.611317447272010028e+01
8.933568858008722913e+00 2.689717574972783964e+00 1.632158052305382512e+01
9.334208906306733056e+00 4.704137036589393972e+00 1.555890852927416290e+01
8.939513520010974545e+00 2.916568511015158460e+00 1.630475259965895418e+01
9.378487855652220873e+00 5.010559040163243161e+00 1.534969835422878148e+01
9.436464526839996481e+00 5.344488745661157836e+00 1.508875816083086718e+01
9.390271549939477325e+00 5.142104296066700719e+00 1.527997617836451560e+01
9.273706784265362657e+00 4.062892454412057930e+00 1.576727318245436216e+01
9.406511492762039239e+00 5.595065511084138521e+00 1.476265405528506669e+01
9.260076918187417405e+00 4.136929018904611510e+00 1.579081058158400452e+01
9.509433948253311897e+00 5.671215034267810040e+00 1.447511753460975470e+01
9.390910327147969028e+00 5.662667161753057066e+00 1.469101111461813503e+01
9.529930669769150597e+00 5.413343818601581425e+00 1.469243955228499843e+01
9.309694629372179620e+00 4.366926573652389010e+00 1.582991149655302898e+01
9.601711530634988279e+00 5.802339557805287207e+00 1.431178141768654299e+01
9.499474425962349144e+00 5.189579342884377056e+00 1.488231647483188169e+01
9.314542748063248112e+00 5.003622592225482890e+00 1.509983735521930370e+01
8.990425922787354196e+00 3.144493698853911390e+00 1.628806222691164507e+01
9.488617066197667427e+00 4.881397508975770627e+00 1.517030419877497316e+01
9.436406107124993170e+00 5.046363541964494104e+00 1.530823951933183125e+01
9.350674577762168482e+00 5.824389478793614572e+00 1.454137856512273963e+01
6.862033784329769404e+00 -2.173210266655345002e+00 1.553317168580584351e+01
9.588687070127232204e+00 5.398498463606513198e+00 1.477616112927784187e+01
9.401430098147462999e+00 5.118111902187685303e+00 1.525782483413878943e+01
8.778272130320981859e+00 2.340741524622555136e+00 1.644957816810867612e+01
9.544302331202841216e+00 5.858172539124381295e+00 1.442288121834447523e+01
9.512720486439340206e+00 4.769271853385832927e+00 1.533945625537459634e+01
9.588446923525618004e+00 4.835550900157291387e+00 1.520722431942221320e+01
9.319052926304259188e+00 5.474713317212247077e+00 1.494931459004976659e+01
6.574848531525668172e+00 -2.646072032542741592e+00 1.519229260335269416e+01
6.834552947194527661e+00 -1.956794483742890112e+00 1.555336245686945951e+01
9.350747908365098837e+00 5.475622590770834464e+00 1.499511580508383091e+01
9.291094936459680653e+00 4.320409597946101243e+00 1.573521518393727625e+01
8.660787287816154034e+00 1.785898485183019080e+00 1.649703236112814864e+01
8.906283425238022744e+00 3.176662294103402839e+00 1.630389259236607202e+01
9.074739897575209824e+00 4.148710718715971524e+00 1.589942309587469893e+01
8.025512023354552937e+00 4.805739981987011689e-02 1.650802707491585508e+01
6.439936162868018066e+00 -2.588248496359132567e+00 1.500040732892871276e+01
6.731128929020928631e+00 -1.920908007291374897e+00 1.525875552202707475e+01
8.912470513926765037e+00 2.394719588845855895e+00 1.635436167999819901e+01
8.443400132166718919e+00 1.010085733278708764e+00 1.651639486056559036e+01
8.691629984533655318e+00 1.721524986130718693e+00 1.646758042779171660e+01
8.910845445605055204e+00 2.596804764425833856e+00 1.634895364131631013e+01
9.199589047087044946e+00 3.639390817235828468e+00 1.604769414415005002e+01
9.206319420443989543e+00 3.765365732984713887e+00 1.599520347697216849e+01
9.356797753445265542e+00 5.064767246462514194e+00 1.519779676016692171e+01
9.515740087052131813e+00 4.582306960010213537e+00 1.551001141606057487e+01
9.554070080638114248e+00 4.660025321778909380e+00 1.547080064945527056e+01
9.157878769047220757e+00 4.391169045482855360e+00 1.584382664692403253e+01
9.361553352165131514e+00 4.934104426891274819e+00 1.523752007366162431e+01
9.451740261972373602e+00 5.760558021433314302e+00 1.485589526605537358e+01
9.396899133897285594e+00 4.300608287024885179e+00 1.558520825983354285e+01
6.799981866479404502e+00 -2.004327911778363003e+00 1.549194458774954697e+01
6.502633140311484539e+00 -2.425665351731589592e+00 1.517985077816836181e+01
9.361339253102107349e+00 4.818277482889810059e+00 1.558660492037619960e+01
9.393091591977965393e+00 4.482294490790089014e+00 1.570078734226752815e+01
6.401590962162296172e+00 -2.693516917111354658e+00 1.497089507497826943e+01
9.527322531804582439e+00 4.721587662032582067e+00 1.514189446791357696e+01
6.627511350121737976e+00 -2.363088362794732333e+00 1.533598831467227974e+01
9.179326905866339814e+00 3.600389584626539907e+00 1.602863252419775719e+01
9.644549789186028121e+00 5.269955617499382683e+00 1.481063153363921892e+01
7.002202347395898308e+00 -1.664939125116710272e+00 1.566778257866290147e+01
9.434656830537594630e+00 5.880492916765474476e+00 1.476887131811719911e+01
9.434515878680500123e+00 5.180084072531217387e+00 1.499670851840057395e+01
9.154033635679859060e+00 3.960948661887865985e+00 1.594578274377561478e+01
9.445984750880226599e+00 5.001686751483003235e+00 1.527890686823857713e+01
6.330196063076824586e+00 -2.562807788014898058e+00 1.493867869614399879e+01
9.480912642224804898e+00 5.161609785104552373e+00 1.486437041725105423e+01
9.651692126614221934e+00 5.158592017195082313e+00 1.475887456402290532e+01
9.381371607465085916e+00 5.649579879556243966e+00 1.485624031349133745e+01
9.451497962803244945e+00 5.374138519848242090e+00 1.484325872734755691e+01
9.410066997883575368e+00 5.217284955497214050e+00 1.524278238813188757e+01
9.649389975681391007e+00 5.302974329688326272e+00 1.481851204836758562e+01
9.269211169423435592e+00 4.265027965704622837e+00 1.580865563672332996e+01
9.420847635950805099e+00 4.991435681765703514e+00 1.515578844452277529e+01
9.331164085228611071e+00 4.113522374189274800e+00 1.579085072087972108e+01
9.240203817039057910e+00 4.758974144010432283e+00 1.551864977363826625e+01
9.441826656069498114e+00 5.681553291482303258e+00 1.479200572900038502e+01
9.468403806196228345e+00 5.805621700793471618e+00 1.472866614540638075e+01
9.268172239339831364e+00 4.033600437612798295e+00 1.589553849576429556e+01
7.215366464003469815e+00 -1.379797459027653161e+00 1.586248473701456341e+01
9.382058928342223325e+00 4.664654026938947595e+00 1.556481032062734826e+01
9.160450239732954358e+00 3.583756930137602215e+00 1.609960636930913935e+01
8.239916212436797949e+00 7.036849421896353984e-01 1.646105616389886350e+01
9.292972664974822550e+00 4.415619193667286169e+00 1.572978704804998706e+01
8.771387287003435063e+00 2.269753554633696435e+00 1.643464730535737317e+01
8.594000699575756741e+00 1.539840834280346238e+00 1.646830465909700436e+01
8.939140025140753565e+00 2.737002317615258029e+00 1.635681393301840458e+01
9.228297224518929198e+00 4.087447213368106347e+00 1.592059418828646322e+01
9.366335027689473236e+00 4.501203908821807431e+00 1.572069566293050435e+01
9.456044351666060166e+00 5.459103413161913387e+00 1.465438142100268770e+01
9.177261022013448510e+00 3.581752463895903738e+00 1.609455356470851584e+01
8.982705742080764111e+00 2.797321536776192552e+00 1.632256326425675041e+01
9.449687750191190005e+00 5.064903915100339660e+00 1.526215315801211858e+01
9.070113976796200461e+00 3.226270375691642656e+00 1.620317671856964381e+01
9.482909215279654802e+00 5.457071834037575897e+00 1.459195094689850336e+01
9.297950063994338876e+00 4.009527068339359346e+00 1.577685229185933835e+01
9.324553202594298540e+00 4.149600029294967740e+00 1.569977691388429264e+01
9.510459815203189393e+00 5.610755892253268762e+00 1.449819248012853556e+01
8.880699383311029038e+00 2.603291258527437257e+00 1.640049652002348068e+01
9.436845410558634129e+00 4.859037911360348794e+00 1.527109777002843138e+01
9.477376300701772394e+00 5.086304220272055865e+00 1.506427179098863256e+01
7.032126958396391458e+00 -1.665540155388102406e+00 1.571739105303486284e+01
9.302496910937623653e+00 4.294288218077656261e+00 1.579763252124892325e+01
9.493645136291398501e+00 5.565097544046540889e+00 1.444754650063583234e+01
9.448529194241126916e+00 4.847676828127440274e+00 1.529836262410878511e+01
9.528208618959995491e+00 5.727167073944328557e+00 1.452907893409253681e+01
9.295168931113273914e+00 3.984547450165675464e+00 1.577565766180866902e+01
9.021944718341002201e+00 3.174051527495336256e+00 1.629286893624177779e+01
9.396583878013805347e+00 4.600929342279289180e+00 1.555888668693112642e+01
9.498241244514225912e+00 5.175099562939958986e+00 1.516550044173421163e+01
9.536502093497380983e+00 5.676269930106641937e+00 1.481571037915997557e+01
9.449502956666743003e+00 4.785464011534473094e+00 1.525165649815728486e+01
8.890612143693621405e+00 2.564387812954934009e+00 1.639431939924129722e+01
9.447560992215185749e+00 5.157491571018400833e+00 1.515480362399920544e+01
9.369219204700147685e+00 4.169556351335534927e+00 1.572922719599305275e+01
9.584614937774878385e+00 5.799922499445367308e+00 1.462733761186049541e+01
9.230149919968944516e+00 3.731172806443383116e+00 1.599589718580761222e+01
9.275932006128412510e+00 3.941601649346389014e+00 1.589347680881290970e+01
9.174955807139703268e+00 3.403345353719023691e+00 1.607965995074419752e+01
9.165020969132061879e+00 3.824848379503991591e+00 1.614656689419157942e+01
9.153468957313210197e+00 3.607265538422637530e+00 1.603647389938873147e+01
9.335079945981329175e+00 4.423501575176236322e+00 1.561283922762568999e+01
6.936687647736841988e+00 -1.843247124647909407e+00 1.560052661209561187e+01
9.451468733897574026e+00 4.764052236468851120e+00 1.537018786242483159e+01
9.283842641932164241e+00 4.351502717533008990e+00 1.572019515547409618e+01
9.032250628618678334e+00 3.092078103277091650e+00 1.627622710653200144e+01
7.021574409655378268e+00 -1.790600501043376536e+00 1.568832715476708017e+01
9.439578995702861519e+00 4.368973738728837652e+00 1.561593490510587223e+01
9.427868825431700017e+00 5.349509865562283473e+00 1.506765843281309181e+01
6.932576713191545004e+00 -1.805991562023154362e+00 1.561862988111759165e+01
9.290350521035064091e+00 4.076782192998310350e+00 1.589027287957563672e+01
7.273660235655809991e+00 -1.235297975554036309e+00 1.590275910599224218e+01
9.361821564210149660e+00 4.595882453178655069e+00 1.564674516833333762e+01
8.950742962984604034e+00 2.870950176936109877e+00 1.635428334181215604e+01
9.249201319482967421e+00 4.122420828565820372e+00 1.589270138953815703e+01
7.660892639130505444e+00 -3.150707154706723356e-01 1.614026300695681471e+01
9.583875972477736482e+00 5.700043588802828687e+00 1.492934903697728721e+01
8.737489110994665964e+00 2.518050053246360331e+00 1.644565305321455284e+01
6.563920482032342463e+00 -2.360971536013369843e+00 1.516370519335229794e+01
7.288386046164895049e+00 -1.069273092142586368e+00 1.588434076053355248e+01
7.997403303467258695e+00 5.385005707345308368e-02 1.641317985838287541e+01
9.428483199240922374e+00 4.897749434057306672e+00 1.540917715516470210e+01
8.831503862283875961e+00 2.260990494726992761e+00 1.645191579271316229e+01
7.240943032726953277e+00 -1.245410800725474276e+00 1.589447039974513309e+01
8.937157712976507185e+00 2.714201513866767002e+00 1.637075766490717399e+01
9.354417387549135654e+00 4.527138384831385309e+00 1.565822454800855468e+01
9.204430683074276587e+00 3.644315248465397339e+00 1.608265120877302579e+01
9.561305889988618745e+00 5.931828692367665745e+00 1.456519739996699769e+01
9.415181055690384326e+00 4.507714899907733219e+00 1.558161312495742301e+01
9.309247631402444156e+00 4.528329689528246327e+00 1.558948673262359108e+01
8.903952203324047687e+00 2.554961647362401056e+00 1.640105619303465545e+01
9.490766430223660066e+00 4.968722619094185333e+00 1.522229218645814619e+01
9.244863979540895116e+00 3.704309147950178627e+00 1.599861998868276203e+01
9.273031539973699111e+00 3.784427778974007950e+00 1.599837100654268696e+01
8.909049614652627014e+00 2.836242639808919996e+00 1.639578561679580559e+01
9.314366279077303190e+00 4.003963943818886762e+00 1.585410322435411778e+01
9.142987685660072472e+00 3.344379746325811809e+00 1.615384610001142462e+01
9.455333831070820594e+00 4.609281513700012489e+00 1.549032511667039813e+01
9.149663519360265340e+00 3.530336263432358290e+00 1.613303278874356295e+01
9.432043420926087052e+00 4.998154284949828607e+00 1.502921102428834388e+01
9.048028435196172836e+00 3.082170055474317216e+00 1.628588509785940275e+01
9.262742223596667657e+00 4.100232254458912706e+00 1.586155804284505422e+01
9.371264286892861506e+00 4.136081432533062596e+00 1.575702147738544667e+01
9.305365693665557103e+00 3.855984125339315227e+00 1.599027203282848930e+01
9.085642516185053807e+00 3.162942215124164846e+00 1.620641339919838941e+01
9.258522102296588230e+00 4.167542039132465348e+00 1.574101690530883246e+01
8.823734021707108965e+00 2.646875637192080966e+00 1.646939812664829006e+01
9.658407760407644815e+00 4.886503081120967096e+00 1.506493282458936278e+01
9.498962609010046521e+00 5.177494638038723451e+00 1.501811034212350293e+01
7.590200554362492191e+00 -6.237514106050685569e-01 1.616480203193143339e+01
9.063820723184962347e+00 3.314141901575368365e+00 1.624684715878770191e+01
6.710584219004136486e+00 -2.224686437026500929e+00 1.534591430182448946e+01
9.643478904889702719e+00 5.675915974873595893e+00 1.442129617623477955e+01
9.564809577382064276e+00 5.027940204670349189e+00 1.532310528200895128e+01
9.468852075185145267e+00 4.962904776611480884e+00 1.527067055203621493e+01
9.119045202079062662e+00 3.115130131030805494e+00 1.621962336850603137e+01
9.278992455827362207e+00 4.015141963765191058e+00 1.593162531997970355e+01
8.887575839866734384e+00 2.824779641403302399e+00 1.643908464911098122e+01
6.466012708998777114e+00 -2.625495542771280721e+00 1.521188382953173956e+01
9.094892762747790016e+00 3.709357475771468238e+00 1.622957912428391225e+01
9.590660523308374152e+00 4.998659739294737392e+00 1.508730955611664903e+01
6.513090353840069291e+00 -2.500527407197755014e+00 1.515173536293421996e+01
9.269627411849020504e+00 4.094691345838391783e+00 1.589769363406863434e+01
6.345915684000059009e+00 -2.767004572661233119e+00 1.493610582036170520e+01
9.440854234975931902e+00 4.997520051088485182e+00 1.524693590131334986e+01
9.031869915971705964e+00 3.103289769541440091e+00 1.631187015327237688e+01
6.563832660063006585e+00 -2.410486402362224112e+00 1.519950439303127609e+01
9.226258710112254846e+00 3.688862212003481744e+00 1.608986053181880393e+01
9.121874964141454711e+00 3.343619733826209917e+00 1.619268512111147729e+01
6.791622118497858018e+00 -2.041850503199885480e+00 1.545557037199523620e+01
9.454504343698083346e+00 4.940665568028503429e+00 1.534791199229051628e+01
9.437464799332790477e+00 5.197095313565653463e+00 1.521305460426583345e+01
9.209057096150710109e+00 3.501116919703794572e+00 1.613511383684564038e+01
8.760063057160119016e+00 2.262494102832607101e+00 1.652306474194036312e+01
9.176935548292213696e+00 3.266362543424889964e+00 1.618523036352465638e+01
9.368838804128607478e+00 4.621109555186976081e+00 1.565214767106465743e+01
9.092893622141762222e+00 3.301179202496309806e+00 1.622962865632710106e+01
7.263160457377779267e+00 -1.262483434655087278e+00 1.591427108361082432e+01
9.054777536584301956e+00 2.977149497306470050e+00 1.631541721832441638e+01
9.462295390011732366e+00 5.001722009320164197e+00 1.539287775953088122e+01
6.861974967596294661e+00 -1.948864997119338582e+00 1.551756424295004599e+01
9.499276128554527077e+00 5.317658248133341203e+00 1.517269972314038284e+01
6.454102031197314737e+00 -2.643337374177764154e+00 1.503174524297729064e+01
7.309714718737886585e+00 -1.091066448018833457e+00 1.589170472329785255e+01
6.362428427785731699e+00 -2.691494695027689676e+00 1.507150337836852394e+01
8.573516757494891394e+00 1.552687729531464278e+00 1.650904879882295972e+01
9.375557665188413381e+00 4.556748035078065584e+00 1.573249629934846894e+01
8.212033540510105922e+00 8.143362756734489061e-01 1.648399881655427279e+01
9.119627141042645491e+00 3.534797225808548049e+00 1.619134539176823750e+01
9.182287106940833610e+00 3.757242610230212776e+00 1.609719927102402082e+01
9.252749671375115170e+00 3.670591892632103281e+00 1.607539864172108679e+01
7.028438065131918933e+00 -1.626214070023245917e+00 1.571445667005746749e+01
9.118925100145167661e+00 3.362601606973778967e+00 1.621836625122901410e+01
9.167983870252767176e+00 3.555042349501971621e+00 1.615661287465879070e+01
9.169578346827361059e+00 3.442814687817630226e+00 1.616185715101740072e+01
8.890503935841731931e+00 2.533324726343789024e+00 1.642450567974907472e+01
9.429953281280184285e+00 4.535912478089803024e+00 1.560150912550130897e+01
6.749183593460004182e+00 -2.103688834028135446e+00 1.539484061036975504e+01
8.889885908362501254e+00 2.700747683626733231e+00 1.641927996118882760e+01
8.776588403544183237e+00 2.201928988754610295e+00 1.648584891795335139e+01
8.944606662884030612e+00 2.841889155129779354e+00 1.639155935244726692e+01
9.206117296638497649e+00 3.559624998425300557e+00 1.604272100079471741e+01
9.113411442117945072e+00 3.275324439968635204e+00 1.624844771112494257e+01
9.472016151306164033e+00 5.654635710639935198e+00 1.437990471443903218e+01
6.583312651770714119e+00 -2.384820978105091083e+00 1.524418769630073633e+01
9.495927116503015242e+00 5.179916311795297545e+00 1.516728406652975991e+01
9.377453473797563888e+00 4.369640634757375075e+00 1.561662935335927216e+01
6.764488787439604245e+00 -2.070966506473169488e+00 1.540381367363119125e+01
9.438837310939629077e+00 4.674875222403372277e+00 1.546930363966430910e+01
9.431743154354252923e+00 4.713559769365863517e+00 1.542973140843992930e+01
9.039336299718994994e+00 3.050890846635250675e+00 1.630412538839520664e+01
9.283175487809835147e+00 3.895048551469925346e+00 1.594550035348374095e+01
9.420714144592770012e+00 4.521422944992822934e+00 1.550188129282233263e+01
9.087518274096460402e+00 3.324541016369122914e+00 1.626368487648690930e+01
6.332897011158535427e+00 -2.758661131873188843e+00 1.491891795090692341e+01
9.213372348165663084e+00 3.904561583449205564e+00 1.609974975134719699e+01
6.380056160354287798e+00 -2.679932791957665206e+00 1.497943755299708180e+01
9.331082461022486285e+00 4.184929566093776643e+00 1.583587756168300587e+01
9.518745892089127025e+00 5.287199981819756367e+00 1.504570696040080335e+01
7.378341133717756684e+00 -1.048670647394802646e+00 1.602870542887160710e+01
9.311145751960209438e+00 4.124570684205374427e+00 1.589181168386701337e+01
8.915385856601956149e+00 2.567203919313362892e+00 1.638447848535753693e+01
9.500506026886283095e+00 5.030343744712812537e+00 1.516288838839620290e+01
8.952295486593996543e+00 2.768515164448122956e+00 1.639642511695571514e+01
7.038124796959521312e+00 -1.532165758526585098e+00 1.575052828562636620e+01
9.408844406946149874e+00 4.645744030727299467e+00 1.562440416233817508e+01
9.524660127185091696e+00 5.281440481579088519e+00 1.505806028870752122e+01
9.097119937531939371e+00 3.116345702067716772e+00 1.623149446576052313e+01
9.395297343485159658e+00 4.432524686741412978e+00 1.566640622811020656e+01
9.166622535303121211e+00 3.430005222949389143e+00 1.616650127010379379e+01
8.891692359107521426e+00 2.546529448649045513e+00 1.643744720186800734e+01
9.552218063540799164e+00 5.261676666217011800e+00 1.487316127653471121e+01
9.597100707510406892e+00 5.585827891273231316e+00 1.479491247484873639e+01
6.867914090806559457e+00 -1.973707162692266870e+00 1.555619802832921650e+01
9.284694156529127440e+00 3.912117567962080322e+00 1.595549434370932218e+01
6.886298233191626039e+00 -1.960422976195946188e+00 1.555032555734595690e+01
9.172016137684476433e+00 3.747643382460681405e+00 1.620949072308662764e+01
6.314013266717367401e+00 -2.765463158230503371e+00 1.493072125175568665e+01
9.349886083980777585e+00 4.148006987243532784e+00 1.579898554742220895e+01
9.514780160982155621e+00 4.988266377802112572e+00 1.526747520257267787e+01
9.369201323254873870e+00 4.424565161297699944e+00 1.575595076365845415e+01
6.676946310582003719e+00 -2.160249378759458327e+00 1.535173575120867007e+01
9.483958112740150881e+00 4.871787243380796717e+00 1.537284008821371373e+01
9.243037349988094675e+00 3.889296342487251756e+00 1.605164475297504012e+01
8.582582722403657272e+00 1.673113093838404231e+00 1.652842456372901836e+01
9.384542967447062622e+00 4.444460682533466489e+00 1.571552856225424932e+01
9.053453991335810969e+00 3.054844406684167346e+00 1.629848149452727313e+01
8.615158669344413767e+00 1.703958167564858073e+00 1.654364011789055411e+01
6.930225808235729090e+00 -1.911666540968612438e+00 1.557917217910262409e+01
9.292605158068845128e+00 4.050740343111536745e+00 1.595813121463659101e+01
8.081852824875880970e+00 3.155158138877616203e-01 1.653458120690149258e+01
8.806294301546573777e+00 2.278309735730131624e+00 1.647221569100833705e+01
8.532085638707586739e+00 1.522420038472519277e+00 1.651567906468178393e+01
9.350195410525669715e+00 4.128289884435581314e+00 1.592413148044813376e+01
6.642430463353600878e+00 -2.290780186355913184e+00 1.525983681450799523e+01
9.611793358210135807e+00 5.929712825553654199e+00 1.481106807935356073e+01
6.544223174947369159e+00 -2.542970516439178930e+00 1.516195456688145526e+01
8.796958439122263940e+00 2.203499794616449847e+00 1.645615018752437919e+01
9.468945922042484753e+00 4.792682471793662025e+00 1.562072539042558006e+01
8.573971998776306336e+00 1.515557081934387762e+00 1.652903368823863417e+01
6.404573382586668195e+00 -2.653594642406202020e+00 1.501200143525827002e+01
8.688445856314123361e+00 1.934085190919272002e+00 1.652654265719598570e+01
6.968576382702599048e+00 -1.698578419540270446e+00 1.558189544409380822e+01
9.226412795940614586e+00 4.041863781732821792e+00 1.605071222509776518e+01
7.544285846013496055e+00 -6.503618660193273282e-01 1.610328988047480792e+01
9.474627478197264807e+00 5.157440887486393066e+00 1.539506402925895756e+01
8.919532424442701668e+00 2.538616046748165989e+00 1.640961465976482714e+01
7.037207940336591250e+00 -1.674406249503629152e+00 1.568253789344847604e+01
8.457069037453218030e+00 1.180242382008767077e+00 1.651572150647130499e+01
9.103236077910498381e+00 3.272718683975215370e+00 1.628318903234085013e+01
6.686857463416278513e+00 -2.144806286187918687e+00 1.536886959696886557e+01
9.194357260247308261e+00 3.642798417083545459e+00 1.615033504228125949e+01
8.133005069966342759e+00 4.502339064713631878e-01 1.642525537223918519e+01
9.496315058240361040e+00 5.908647344587913963e+00 1.473541970984259031e+01
8.955829825485862372e+00 2.708698779449524974e+00 1.641958943533417425e+01
9.043077372383603318e+00 3.034801777753655561e+00 1.633534291530300919e+01
9.360815200477967224e+00 4.378076528825113556e+00 1.578958029637719562e+01
9.364492348803747035e+00 4.398749224253201362e+00 1.574501556407461322e+01
6.871336893067926610e+00 -2.027354423436511954e+00 1.557018633686108089e+01
9.253088048371225227e+00 3.862132587366563286e+00 1.605158487363297937e+01
9.458031111580330830e+00 4.591767894174805242e+00 1.560619590394190759e+01
6.468560351477893988e+00 -2.576024541275375501e+00 1.511583131917306488e+01
9.138581833033553536e+00 3.342602378181769751e+00 1.624237906711575263e+01
9.426025588313699188e+00 4.750460152577906214e+00 1.549362545738981289e+01
6.584356007337350825e+00 -2.553945172365142291e+00 1.519708602118662455e+01
8.756266192015967675e+00 2.100663906837044070e+00 1.652531106221258739e+01
9.205779598489010951e+00 3.648449579210385707e+00 1.615696534092722558e+01
9.233931556759459980e+00 3.668631651414674621e+00 1.608618892348026463e+01
8.974725158340818965e+00 2.774994190202153099e+00 1.639519719970742173e+01
8.604380083962720249e+00 1.612922433028857849e+00 1.654967810787628224e+01
9.346990957686271528e+00 4.256720316590855369e+00 1.577834467191595103e+01
6.367951038052822810e+00 -2.595913699250300688e+00 1.485996616844072449e+01
9.491263407357356741e+00 5.007346641671988507e+00 1.541079125983827147e+01
9.350415918450032393e+00 4.249364758090778516e+00 1.575374970295889732e+01
9.355045680296441901e+00 4.062493315849888376e+00 1.580561746394478462e+01
9.568714258959609253e+00 5.102525924454809569e+00 1.501217029709464157e+01
6.890807573113477247e+00 -1.917666923707482152e+00 1.557730580312210300e+01
8.998726983141086322e+00 2.875972732017510136e+00 1.638689083721947526e+01
9.347070985398753251e+00 4.132186717211349780e+00 1.584222923806056293e+01
8.915453943415615257e+00 2.561784919618839584e+00 1.643565122957792468e+01
9.031786473315973396e+00 2.905199665265202125e+00 1.635350385476645840e+01
6.521580577288695224e+00 -2.525666652845721671e+00 1.512759680822923869e+01
9.276879267616561009e+00 3.896780294135649747e+00 1.602062342487396762e+01
8.559515939932028417e+00 1.543760174777271343e+00 1.653636916697797332e+01
9.307599337837999087e+00 3.966799387145675482e+00 1.593797838310084813e+01
6.351613492888323442e+00 -2.692166982459512248e+00 1.491478939813406512e+01
9.248877764779575017e+00 3.777434276067797470e+00 1.600495370359343994e+01
9.223802395005261445e+00 3.429056923142937308e+00 1.615517213182856793e+01
6.765875332518819896e+00 -2.161888634136070575e+00 1.540377392611117635e+01
8.781542990623373512e+00 2.127603120055081121e+00 1.649894687441777918e+01
9.395093210579497978e+00 4.328113417443868904e+00 1.555303507585831468e+01
6.993868249391352876e+00 -1.739173891023487517e+00 1.567352307346072138e+01
9.221553329844805802e+00 3.736321871066179412e+00 1.607105583577000729e+01
9.383773803467944319e+00 4.591133229598602483e+00 1.561505009983842562e+01
9.567498538696046495e+00 5.029970368814107751e+00 1.499244157122290488e+01
6.805097717503028498e+00 -2.059077616065495775e+00 1.548777101467747741e+01
9.004771329349042119e+00 2.906239796634088712e+00 1.633747382277941895e+01
6.722931193404964034e+00 -2.217560227395354300e+00 1.541569614716541459e+01
9.156645549777035598e+00 3.371733997917131909e+00 1.626266411190901096e+01
9.443362498914993353e+00 4.272750208569045860e+00 1.557345562081108170e+01
6.921294715481352888e+00 -1.951102753865678441e+00 1.560199572728029338e+01
9.362691201708171818e+00 3.989938626887731488e+00 1.588276112717959521e+01
6.891265418908702145e+00 -1.887491280075617395e+00 1.554335906151094271e+01
9.390659940430916564e+00 3.968072371556533362e+00 1.591882772133673996e+01
7.020091497804289205e+00 -1.596265382277112010e+00 1.568951244324099825e+01
9.325671610336415895e+00 3.873526568084932897e+00 1.599566707479959327e+01
6.844762115178583350e+00 -1.929729604131981802e+00 1.548270664690169340e+01
9.473162559677550831e+00 4.575205958637542203e+00 1.558015655652173059e+01
9.240346773425962112e+00 3.809957664710475811e+00 1.610786650744496029e+01
9.147614636225963380e+00 3.294499624611769928e+00 1.631178757128066081e+01
8.915902436196349257e+00 2.545154100494320115e+00 1.645469110719901096e+01
8.742954619624251578e+00 2.083992869416814830e+00 1.652775378296523101e+01
6.339312253757272586e+00 -2.796973181423055177e+00 1.493807544264991272e+01
8.440087726406037660e+00 1.276161584340891775e+00 1.655173318598143695e+01
6.329653739833151604e+00 -2.753600578201231386e+00 1.491920342014020484e+01
9.156494322096042637e+00 3.359341587782702643e+00 1.617590043761339658e+01
6.454389797790861749e+00 -2.560379387498215475e+00 1.503026368876310670e+01
9.276275271330112204e+00 4.059272743913223458e+00 1.597082239015324845e+01
9.077537592082073559e+00 3.041178180485875515e+00 1.633538496400748841e+01
7.361746063319613675e+00 -1.042007436361217065e+00 1.598325942006218625e+01
9.179180089844155788e+00 3.782394148606017747e+00 1.610770539692353864e+01
9.066404629715576036e+00 3.075517793388097054e+00 1.633599135582674577e+01
6.311414478080584090e+00 -2.786725623703793620e+00 1.491089214343112879e+01
9.231741138418206205e+00 3.492840407041638784e+00 1.617110046580379290e+01
6.671059153980779755e+00 -2.196472954092584029e+00 1.533752321651187422e+01
9.017038903197741817e+00 2.795178839320270114e+00 1.641718182356753530e+01
9.120801403072276159e+00 3.408026463024032893e+00 1.626304840183314226e+01
9.527851895572203134e+00 5.205067632646058762e+00 1.535161171189293938e+01
6.834531174579011825e+00 -1.934397856735757815e+00 1.549401754041832824e+01
8.944437867351853200e+00 2.652394573950036971e+00 1.644989949712221744e+01
6.802743942226839202e+00 -2.102849584785472459e+00 1.545210198795320800e+01
8.902584226026789338e+00 2.621455309577023218e+00 1.645769101475776353e+01
8.940865249570048690e+00 2.687068897698957848e+00 1.643037348215969118e+01
9.530612503977707206e+00 5.206470882669655964e+00 1.539555242814969915e+01
7.573656775368458938e+00 -5.827479835891589133e-01 1.611098944348581696e+01
9.367646768472956964e+00 4.205586178527104479e+00 1.594853732550292946e+01
7.113514736505534231e+00 -1.383425596294499016e+00 1.571079538750777083e+01
7.831860965729588564e+00 5.361883715709447884e-02 1.623072841145299705e+01
9.379032030704198775e+00 4.464207735620371764e+00 1.590806885531134007e+01
9.510134630518871646e+00 5.380919125050358076e+00 1.543528910695467538e+01
7.484541886972217561e+00 -7.928556699915023653e-01 1.614211929418190650e+01
9.054831051483375859e+00 3.074755999493635539e+00 1.638467831283013609e+01
6.674107570523230670e+00 -2.350483612125281674e+00 1.522908144421941401e+01
9.408137208861736767e+00 4.514331055297470030e+00 1.581577021114827630e+01
8.916709619930927033e+00 2.566350722327927159e+00 1.644620518843539259e+01
9.432729147206487141e+00 4.488599863943095514e+00 1.578224010066979588e+01
7.084555997175232989e+00 -1.580354756226532320e+00 1.574166954701401622e+01
8.206781268897881176e+00 7.806644280819821091e-01 1.644077672716317906e+01
9.212660134488457331e+00 3.528360646717638716e+00 1.620840932866477502e+01
6.588497190044339646e+00 -2.325995828188903936e+00 1.525322443475964462e+01
9.448646574568908107e+00 4.750522224687258266e+00 1.561630813553453301e+01
6.612831702367955700e+00 -2.256744002978003927e+00 1.521213100341367053e+01
8.822357531354297677e+00 2.345677903417886068e+00 1.651816514734739627e+01
9.238386762630254267e+00 3.615710313368637685e+00 1.615088545559726896e+01
6.443080038243338414e+00 -2.549981221141253140e+00 1.504779215215127763e+01
9.053688226568056052e+00 2.921820024801808469e+00 1.637538014189157209e+01
6.599052315658396672e+00 -2.458710032097771503e+00 1.530971033871581888e+01
9.156933769278786883e+00 3.320983598877748744e+00 1.624567251654001865e+01
7.154348370719149308e+00 -1.555267608670815038e+00 1.585986638264896698e+01
9.091322877646359046e+00 3.318153568589345070e+00 1.633917050574607899e+01
6.539095670898640300e+00 -2.413546155204469024e+00 1.514958143073855013e+01
9.415060090917874547e+00 4.410096841066591722e+00 1.564566460479139565e+01
8.953181790339817425e+00 2.669118973749708967e+00 1.644945138848992983e+01
8.869224008161715744e+00 2.527950037465966915e+00 1.649399555884069812e+01
6.245138262545879115e+00 -2.728087053169669041e+00 1.469132179244784275e+01
9.189707522338387946e+00 3.554492905348402232e+00 1.617648860726366777e+01
6.303317792329226066e+00 -2.683540917769032585e+00 1.481086917651000334e+01
9.292323262591949629e+00 3.865995120059951162e+00 1.598897882662862990e+01
9.009329174446094157e+00 2.774282907233422080e+00 1.641068605282979931e+01
6.252311014308807202e+00 -2.726831633408068889e+00 1.472593837990234888e+01
9.028587331762048862e+00 2.923326686320804502e+00 1.640682855258233985e+01
6.444896757543237875e+00 -2.484445936698594704e+00 1.499338487671663067e+01
9.312539890102305762e+00 3.979792616705430053e+00 1.597687758321558604e+01
6.956263047085979423e+00 -1.732403590317654452e+00 1.557618853925877289e+01
8.884159251016320979e+00 2.424890709164722047e+00 1.649060371295356475e+01
9.062986138143577008e+00 2.894542867484986459e+00 1.635504391141222413e+01
6.638331407845978305e+00 -2.325814569560972878e+00 1.531542667447446782e+01
8.979261672200740563e+00 2.752676621057355000e+00 1.644323260636119599e+01
6.643211727923747922e+00 -2.281871115933578942e+00 1.529332348032873057e+01
9.347776987501333679e+00 4.030260678794133078e+00 1.589902903196478334e+01
9.378548359918431387e+00 4.194234147798099777e+00 1.583468197546960354e+01
9.257194505544589447e+00 3.633775551874425247e+00 1.605302744558187555e+01
9.359768894592679800e+00 3.967907890230114365e+00 1.598172449523411487e+01
6.735350381775531581e+00 -2.150822596744268900e+00 1.538762683288901734e+01
9.072671990947126730e+00 3.047130460218776982e+00 1.634673314212256656e+01
6.711347706960788528e+00 -2.276898464247196774e+00 1.541466437811576462e+01
9.053452533950769876e+00 3.004712811277136186e+00 1.638605843555632902e+01
9.003915260307644886e+00 2.753744077157064041e+00 1.638140924331830561e+01
9.360326269055596171e+00 4.275494196182706652e+00 1.589259858469548625e+01
7.145663678732169011e+00 -1.445521838450947172e+00 1.583089899010961155e+01
8.908307154876148104e+00 2.610916052812728871e+00 1.647403026965798389e+01
6.752563936035681280e+00 -1.957045880890833089e+00 1.535372252652652492e+01
9.319533738146484225e+00 3.785674845517859488e+00 1.601805724099447659e+01
6.888794553832155110e+00 -1.915221064348917812e+00 1.558473404536013085e+01
9.032901236572213222e+00 2.842310711276974544e+00 1.636044833827936174e+01
7.156027290758715687e+00 -1.402785961987246033e+00 1.584803544468002912e+01
9.057153550554774668e+00 3.020025251422093326e+00 1.637386943602045619e+01
9.176762066542138996e+00 3.496959369586044808e+00 1.627800411205982556e+01
6.479236857125513005e+00 -2.474704935599475242e+00 1.508181739221952000e+01
9.431824900828019054e+00 4.433732799839834371e+00 1.583023483744274174e+01
7.490086112595339074e+00 -7.629835349627507313e-01 1.607821165703934696e+01
8.898650708345195781e+00 2.539306464157536247e+00 1.645476091057268064e+01
9.076221115403042106e+00 3.043181782524236212e+00 1.639237345973643301e+01
8.797685598736693535e+00 2.199371594690497034e+00 1.654090058690722032e+01
6.794642229353105911e+00 -2.069093873995772714e+00 1.544147608562138352e+01
9.016493761992848022e+00 2.945457035073619334e+00 1.644872148827636238e+01
8.930406739849065190e+00 2.592512969607891460e+00 1.650117924228761979e+01
6.558543175561825755e+00 -2.399497306887149684e+00 1.514552878836728489e+01
9.305342555169778151e+00 3.750494697744446881e+00 1.606623328532347372e+01
9.287376041134132620e+00 3.736367474592712234e+00 1.614352302455296950e+01
7.136694234655946545e+00 -1.429949336428871121e+00 1.579011413832606969e+01
9.273737720952684782e+00 3.849523683919965134e+00 1.611950571107255570e+01
6.951036537740053589e+00 -1.713399966339365754e+00 1.560741102500560906e+01
9.579785998958374904e+00 5.168626993418573790e+00 1.520706719752884339e+01
6.673995010015429941e+00 -2.236421563646725286e+00 1.529402106369294323e+01
9.032025567430366664e+00 2.945803911034684752e+00 1.642022104442093777e+01
7.116146353850869133e+00 -1.478535774576130057e+00 1.576025358628409023e+01
9.211516744448326577e+00 3.538140065695807301e+00 1.616294357251838321e+01
9.216425465283709428e+00 3.505006352010016979e+00 1.620580790570170393e+01
8.805166706106851038e+00 2.057329681501229857e+00 1.653363981154988593e+01
6.319560386239132299e+00 -2.652988021955897224e+00 1.494454139581787544e+01
8.935689051059901189e+00 2.592061398461737998e+00 1.648931519975818816e+01
6.728011661044417835e+00 -2.086577836517264917e+00 1.539061176891067007e+01
9.325177492082197261e+00 3.989133560475560891e+00 1.602062049545973110e+01
9.298050350073085113e+00 3.878029860220303604e+00 1.608379613898913618e+01
6.472231087022217721e+00 -2.496653426376632900e+00 1.510923698227454892e+01
8.670091902718633392e+00 1.842045368239295655e+00 1.660334856660849567e+01
8.810711698433747685e+00 2.213192696754987310e+00 1.655058615464115590e+01
7.236449924222447372e+00 -1.347134389417755873e+00 1.585934333821791853e+01
9.229425823707702037e+00 3.653497289297968909e+00 1.619804194437888256e+01
9.441548078149537560e+00 4.495941092968902097e+00 1.585042898813636469e+01
9.494137974238642030e+00 4.777574933872183571e+00 1.571745712425896002e+01
9.030602225001839400e+00 2.903260096998147244e+00 1.641957787427318749e+01
9.279294753718620115e+00 3.822175765841393513e+00 1.616244610638896972e+01
9.643952998001815047e+00 5.515637295444100197e+00 1.535208476701175506e+01
9.531109654770276052e+00 5.043339172442748541e+00 1.562618799084040511e+01
6.551039838766836709e+00 -2.509295310694352743e+00 1.512613614708590326e+01
8.598548135191204977e+00 1.598796198377657074e+00 1.657533457786857056e+01
8.070600650558500178e+00 2.807227940030143643e-01 1.647297253187494093e+01
7.080443210264942167e+00 -1.571883443160056792e+00 1.562911589681457336e+01
9.586849216137670382e+00 6.014113989970381269e+00 1.507160693282247976e+01
7.212720505435857632e+00 -1.277232426838967427e+00 1.575689552339065713e+01
9.282437036878331327e+00 3.836985714233250633e+00 1.621321395055399961e+01
9.046201917972570783e+00 3.099023138905216079e+00 1.643472214323205449e+01
9.411892411742696751e+00 4.524661768954703511e+00 1.595874448187734984e+01
9.069481080366905701e+00 3.018431679040617599e+00 1.639787814112158060e+01
6.361893055143357678e+00 -2.694319194915312909e+00 1.497719317540109252e+01
8.867118754947034276e+00 2.436295544824436554e+00 1.652247857933569364e+01
7.174115188884286454e+00 -1.367719612167328735e+00 1.580803008514341634e+01
9.503457214917535367e+00 5.036064517208311386e+00 1.564179100242715670e+01
8.571535970828389139e+00 1.528342846624578311e+00 1.664556581771821087e+01
8.853147049563641957e+00 2.374523814629850627e+00 1.653259892445544565e+01
8.786437792490787047e+00 2.265225700231497719e+00 1.654303912965303880e+01
8.921660928740401175e+00 2.612892078232547100e+00 1.646326748651523886e+01
8.787798027295792735e+00 2.148869354017942435e+00 1.655900552534893677e+01
8.968037228968865904e+00 2.655456239247466321e+00 1.647623695216475781e+01
7.508297653965199103e+00 -7.894076477321601004e-01 1.614973127106524231e+01
9.267846153483555227e+00 3.830142972255225153e+00 1.617771255664590768e+01
9.218204430332702870e+00 3.563293504729683647e+00 1.626035997253533338e+01
6.603869548893746000e+00 -2.311864132187668730e+00 1.521404324766361604e+01
9.520380189458041542e+00 5.145919941996283775e+00 1.537395811450126892e+01
9.104850439863636069e+00 3.121255330433370112e+00 1.637845970177744448e+01
8.782423256320560867e+00 1.980322945750468522e+00 1.655911511961049243e+01
7.153778790282995459e+00 -1.523818526195676704e+00 1.579084571621445399e+01
9.083880803648565205e+00 2.993827528153854001e+00 1.640910364126311194e+01
9.242531967609597388e+00 3.652965341890030526e+00 1.617896451684848813e+01
6.557061915301129140e+00 -2.195124106216249871e+00 1.521456684887140298e+01
8.977006718060328794e+00 2.590842018322632168e+00 1.648892327782721878e+01
6.265914608221255122e+00 -2.697738127942897357e+00 1.472595986862950923e+01
9.059970391986469807e+00 3.016994522429304659e+00 1.642096346044065669e+01
6.202123204620123786e+00 -2.783842905177707827e+00 1.467007958168077941e+01
9.169018619193607833e+00 3.350800441124023088e+00 1.627991680324803525e+01
6.802940230524693987e+00 -2.049435949531680290e+00 1.539611039660295155e+01
8.907289039239149275e+00 2.668172151929924407e+00 1.648631975752012835e+01
9.012703619408664935e+00 2.838225696947748844e+00 1.644114216016942365e+01
6.438100348493096980e+00 -2.572113907740876115e+00 1.497364696890750402e+01
9.113185730955910557e+00 3.237339213230819190e+00 1.639559075834773338e+01
7.332660172455061520e+00 -1.046507982455259889e+00 1.597439556872326349e+01
9.412140866644639559e+00 4.281385602398138701e+00 1.570741136327337095e+01
6.458131097236075924e+00 -2.434071903024258354e+00 1.496574872115331090e+01
8.673405405473280538e+00 1.755531558451849605e+00 1.657432000540504191e+01
8.708136347668666843e+00 2.002068623392171176e+00 1.656291619996793330e+01
6.906593256925106949e+00 -1.764941403911693740e+00 1.552701633458150177e+01
8.383010528221330304e+00 1.109614856437842523e+00 1.655138330989380080e+01
7.419286349109171397e+00 -7.330021122326833005e-01 1.603625046916935304e+01
8.748658102823497984e+00 1.953845961469721448e+00 1.657371282590199257e+01
7.290770789815821828e+00 -1.228941336939859852e+00 1.583120958291495484e+01
8.849695742982104818e+00 2.237697245205607643e+00 1.653317136885030436e+01
9.068917047362758055e+00 2.990088478604406852e+00 1.637685454776641336e+01
6.309791775754701071e+00 -2.822746697888139700e+00 1.454011456586981588e+01
8.886905042278401723e+00 2.346658628346030895e+00 1.652174269645082560e+01
6.971308193140145271e+00 -1.919713823013103227e+00 1.566044974521624233e+01
8.972470688491670288e+00 2.669551884507447514e+00 1.648148121051288584e+01
7.016621876513723599e+00 -1.756758943390038130e+00 1.561852719165810299e+01
8.753585519669259796e+00 2.000376761539454762e+00 1.656003142892417657e+01
7.032868247684771923e+00 -1.517589320271081288e+00 1.566353646978856951e+01
9.256739029429159160e+00 3.553428034719631867e+00 1.614051407414363482e+01
6.693577554679286834e+00 -2.126343383443476842e+00 1.522860359918213824e+01
8.641626903836016282e+00 1.805355132415595865e+00 1.657056663680963027e+01
6.395162222307887667e+00 -2.557815718615605416e+00 1.492073085068211036e+01
9.254146232868977862e+00 3.570177905542145425e+00 1.618023223359896434e+01
6.667994188154249713e+00 -2.148489632340000455e+00 1.517765769757118477e+01
9.219314788585823095e+00 3.414302677802623087e+00 1.621872893742438038e+01
6.313977685602122136e+00 -2.719164983115387457e+00 1.469260462937089606e+01
9.229498509080240609e+00 3.462372656115073610e+00 1.620428606817073458e+01
6.826965739631161156e+00 -1.999378157157940983e+00 1.540648081013394588e+01
9.017486979885195097e+00 2.738850599240015171e+00 1.643336594969956721e+01
6.956770202702096562e+00 -1.685201687436587825e+00 1.555923205264943121e+01
8.845709944119304780e+00 2.266072601757336713e+00 1.652477242255208267e+01
6.583059390871859762e+00 -2.407267744161547540e+00 1.501163951663323282e+01
8.978181023018279916e+00 2.694329662155609206e+00 1.651698076262271186e+01
6.705664875882357379e+00 -2.125435228764091633e+00 1.527471856400043926e+01
8.625583258485896465e+00 1.778378246357696923e+00 1.656331408687566409e+01
6.728989744747511992e+00 -2.140777913330122129e+00 1.524032410396138104e+01
8.642804321903550857e+00 1.782980797705704390e+00 1.659312492986444454e+01
6.331883689014629724e+00 -2.598163144205964059e+00 1.486962971710918247e+01
8.982539961664476991e+00 2.609592703001700542e+00 1.646342096097433938e+01
7.321453416690889782e+00 -9.181003520216877156e-01 1.596297845501223378e+01
8.953543149602843698e+00 2.619384735068430725e+00 1.650493380386345876e+01
6.555966743698499855e+00 -2.174140636299401574e+00 1.517612837526383807e+01
8.951116692384998075e+00 2.597165754625852863e+00 1.654388176679383804e+01
6.978341353345081544e+00 -1.924125073822856802e+00 1.551773998549968425e+01
8.621487458730845432e+00 1.676071302796858120e+00 1.659376480685345356e+01
7.257503676932635983e+00 -1.193207724164003780e+00 1.588088869572665729e+01
8.625537129226623634e+00 1.640144603978716420e+00 1.660659799061740216e+01
6.351849875912058963e+00 -2.675710617578845429e+00 1.482794437707590696e+01
8.893164698366389231e+00 2.444776017968106618e+00 1.653480479174271167e+01
9.171288618337127829e+00 3.263185611708376843e+00 1.632253192182560042e+01
8.758685819868322397e+00 2.035198180117433697e+00 1.656781469011521679e+01
6.834737740657050864e+00 -1.970081759544415334e+00 1.542443389344881233e+01
8.698555768000526101e+00 1.895786788692228164e+00 1.655882018194730776e+01
8.786868675145498742e+00 2.094436611353970079e+00 1.654449234893317211e+01
6.820226646474037757e+00 -1.901578338027490656e+00 1.546399376129618375e+01
8.691869945509047568e+00 1.809794079325205862e+00 1.659686260421102233e+01
6.255771904505024850e+00 -2.767848436244165544e+00 1.480328365332315066e+01
9.013152073576163659e+00 2.775107437547546851e+00 1.645935771353852672e+01
7.359397715127086848e+00 -1.058179193105869720e+00 1.592675930579919275e+01
8.504852240595775825e+00 1.364413761418425519e+00 1.662933535043288913e+01
6.598861043675009697e+00 -2.366680892970681072e+00 1.516264573079251399e+01
9.088079169324563722e+00 3.021140847879500768e+00 1.639313539423378430e+01
7.121027369970978071e+00 -1.402867342634710246e+00 1.574742836284283598e+01
8.694582094022527130e+00 1.856501621316116513e+00 1.657917351220988778e+01
8.719646390766708777e+00 1.935810281322610127e+00 1.657926700383213614e+01
6.970163520077425900e+00 -1.708597332274885972e+00 1.560287151274002859e+01
9.034813801831100832e+00 2.827903253408709627e+00 1.643886259497498870e+01
6.624867720966494566e+00 -2.230893898984699142e+00 1.527508851506511789e+01
9.044739900524742637e+00 2.881897368432379647e+00 1.645558500050902140e+01
8.714798733321945434e+00 1.896998901014677719e+00 1.662425199252723473e+01
7.417512577806201435e+00 -9.238335266813859636e-01 1.598689072328658334e+01
8.962132999421099200e+00 2.531692796086485231e+00 1.652479197581396519e+01
9.143352629030397694e+00 3.204939978823625690e+00 1.637950053143480744e+01
9.012042252733371228e+00 2.750471928166223101e+00 1.648580167845795330e+01
7.003252889122951075e+00 -1.695015757581848970e+00 1.563090286106978688e+01
9.356465326023178264e+00 4.073046213687114836e+00 1.615116243289856968e+01
7.265421302477813370e+00 -1.216144221330711428e+00 1.588508956937931060e+01
8.844538459093898908e+00 2.280042429543807536e+00 1.656689815485136563e+01
8.815773816255175532e+00 2.183903413892219980e+00 1.657625242934437182e+01
8.003496134156522501e+00 4.106140879291468315e-01 1.628604383783390119e+01
9.278755113618304406e+00 3.785015671067924359e+00 1.627807444707118734e+01
8.573064882484070282e+00 1.471479834872508663e+00 1.659211460486208978e+01
7.066504318826678954e+00 -1.534376905754884834e+00 1.569630540420095066e+01
6.743565381574645912e+00 -2.051213690645744769e+00 1.535575043386785232e+01
8.433752096032630874e+00 1.294239714027313637e+00 1.660200294459514936e+01
8.435223671708536486e+00 1.067041614180501252e+00 1.657712491910572083e+01
9.441823683165914360e+00 4.622404953443620457e+00 1.603099505329404195e+01
9.623582259385882409e+00 5.400869854684189342e+00 1.565434801181603852e+01
7.030581527360839189e+00 -1.702210079510931617e+00 1.557313914526791088e+01
9.172344004128062167e+00 3.199532757530429983e+00 1.644147591860191326e+01
8.833659749276257855e+00 2.215269641055594541e+00 1.660065469797801896e+01
9.642312143772878485e+00 5.605194471735265083e+00 1.545672404989666582e+01
7.406840936653844132e+00 -8.154052933237414535e-01 1.602441030130504629e+01
9.490063860090350190e+00 4.655188305970580309e+00 1.597548387416608051e+01
6.995094914972317390e+00 -1.659348812950041552e+00 1.562032732299810966e+01
9.560377974309647087e+00 5.044457210277667691e+00 1.577082555787793972e+01
6.550615562526922453e+00 -2.339538108904271052e+00 1.515166565429282741e+01
9.079756856444674895e+00 2.996035935421550445e+00 1.651510867589637854e+01
9.514142990003959355e+00 4.731758432761958844e+00 1.589957229567071195e+01
8.243010930882906706e+00 6.849756691255988184e-01 1.657330527668913689e+01
8.779966127536217968e+00 2.112762006447096663e+00 1.658062756593546894e+01
9.432600652741628622e+00 4.289783864486754972e+00 1.604618821640555026e+01
7.785004454259750517e+00 -3.983319484576091085e-01 1.632840368987229596e+01
9.182986462533252237e+00 3.282899384560651779e+00 1.641424730764557793e+01
7.365009135221924907e+00 -1.052075658901327371e+00 1.596680822522018595e+01
9.388518653840220551e+00 4.069426042037683544e+00 1.609057169357682326e+01
7.157221613652065884e+00 -1.388931225355449328e+00 1.577390725561964224e+01
9.549395354832537208e+00 5.024300754484866793e+00 1.550194378414866669e+01
6.698830479975706353e+00 -2.159427075290594633e+00 1.526363736682372263e+01
9.139339832843326406e+00 3.088962279672197830e+00 1.644387181048973190e+01
9.163300335331596713e+00 3.160899876366397354e+00 1.642526984174818949e+01
6.805588618058815875e+00 -1.877543862481104942e+00 1.548723248158521670e+01
8.850099481140201618e+00 2.259296736698646946e+00 1.658748483152833231e+01
6.960471285111273332e+00 -1.741465682204612841e+00 1.554235295672804007e+01
8.702993966061107756e+00 1.837178324513429439e+00 1.660361097296978627e+01
7.453952169759194391e+00 -8.762811561204608690e-01 1.604565579661464270e+01
8.917101097123691034e+00 2.445406354875428345e+00 1.656834574084398071e+01
6.717871478787609263e+00 -1.953466011685942583e+00 1.523341326218905323e+01
8.657912206185509163e+00 1.714052353461326117e+00 1.660043741578543575e+01
7.224348913919128812e+00 -1.321919764408895803e+00 1.585997466461827443e+01
8.711975637344126611e+00 1.911021893377189640e+00 1.660816948735578080e+01
6.254833848853316169e+00 -2.789588285171308524e+00 1.470617574659464566e+01
8.739116618531127756e+00 1.927417135980472818e+00 1.659952303507273896e+01
7.215201897355285610e+00 -1.300348448774609977e+00 1.583405664303115579e+01
8.709118284834595158e+00 1.895149884915225069e+00 1.660404873207755472e+01
9.036386049042990365e+00 2.740212654452298224e+00 1.651390357926788610e+01
6.641912761600686110e+00 -2.151700730304344056e+00 1.516263455774823399e+01
8.769619377740639266e+00 2.022115493525107777e+00 1.660837640525881653e+01
6.785804456325307044e+00 -1.981734807403999099e+00 1.538239566719956564e+01
8.965591267657861962e+00 2.473074512968016059e+00 1.653035102092808017e+01
6.709440446601055541e+00 -1.971921737219839432e+00 1.522457011322888576e+01
8.941143295406982716e+00 2.605569682387086861e+00 1.658235937448676722e+01
6.781933080871750619e+00 -1.980415190772198519e+00 1.535654157981768186e+01
8.615960706019340165e+00 1.576855707695539843e+00 1.660226899775405940e+01
6.854818388295221609e+00 -1.726262970840814592e+00 1.540330340415703425e+01
8.980511808783248284e+00 2.554252088133713183e+00 1.652657428608516454e+01
7.137734822480256369e+00 -1.358754849631402806e+00 1.572303276922219872e+01
8.627126909317595960e+00 1.604935863683701891e+00 1.660207586333520524e+01
7.377235331945347419e+00 -9.655579352948040484e-01 1.595978778879152138e+01
9.020815886460308519e+00 2.599550047176292900e+00 1.650431344804038147e+01
7.156268688503732989e+00 -1.413160883689665415e+00 1.578709826751080847e+01
9.030097941097642078e+00 2.689065410796344757e+00 1.650050502269937880e+01
6.722407301635370480e+00 -2.053177759726882989e+00 1.531351126078970104e+01
8.576470785327140689e+00 1.556404709485622595e+00 1.661063773386222664e+01
7.223123105390620857e+00 -1.198228506339024779e+00 1.580709220457579001e+01
8.782977931009529726e+00 1.982091784631754949e+00 1.659498244634332664e+01
7.183946672461294369e+00 -1.312980804556566516e+00 1.577941588177380261e+01
8.327283238901250328e+00 9.076472507558337455e-01 1.653859132553113653e+01
7.086462562702514845e+00 -1.439807484029488327e+00 1.567449036363865744e+01
8.726356482045872553e+00 1.974453969982574053e+00 1.661944939751049333e+01
6.922617748510008440e+00 -1.724881423378962442e+00 1.549718475615105540e+01
8.912270035383334843e+00 2.293159977051364429e+00 1.655755002790851194e+01
6.981538777034102417e+00 -1.640372989987445962e+00 1.559965303345627063e+01
8.857618437310446069e+00 2.239419794910929351e+00 1.659089495819794280e+01
6.684624530569212908e+00 -2.048217801060550958e+00 1.525362054116225075e+01
8.630864078110695559e+00 1.572998748171498429e+00 1.659527423905455734e+01
6.760144863412927307e+00 -1.943329635482661022e+00 1.536235898968214286e+01
8.803669118165016627e+00 2.183249606612705840e+00 1.660216134318702785e+01
6.395188143634166877e+00 -2.406589432394010686e+00 1.484782523212019179e+01
8.710894495942893556e+00 1.831183170681854655e+00 1.659083529329114270e+01
6.639523546056339320e+00 -2.048649946616937001e+00 1.514765957060160417e+01
8.966428773656828000e+00 2.611967052505432374e+00 1.653830034742013311e+01
6.813062733380553126e+00 -1.937594725188830136e+00 1.544794445034342090e+01
8.726842029676170398e+00 1.927825099475363402e+00 1.661107175181895101e+01
6.854125309158408008e+00 -1.780270477985827160e+00 1.543690340027045060e+01
8.525700947324514445e+00 1.469712559781978900e+00 1.661981697685515158e+01
7.461855284829348456e+00 -8.029287594941005857e-01 1.603708985203141069e+01
8.711535565593184316e+00 1.907989462396274316e+00 1.664212003505371129e+01
6.883177448548122968e+00 -1.753308805917701108e+00 1.548145175209296909e+01
8.859988654863629520e+00 2.281689613667504446e+00 1.656173743837501888e+01
7.013122436097466661e+00 -1.595839895919639595e+00 1.561542987556599194e+01
8.815641949779070785e+00 2.063254226446105566e+00 1.662650234768302937e+01
7.790836736268726526e+00 -1.909981854941644741e-01 1.627584489583031768e+01
8.683815940050525484e+00 1.868792463101289103e+00 1.662591729777449245e+01
7.073400817840629351e+00 -1.488717233379778238e+00 1.567936538891048492e+01
8.930774554334023563e+00 2.508676689862225917e+00 1.657925748919873854e+01
7.425747114759734480e+00 -8.582826707349608952e-01 1.600973629699140943e+01
8.630441527084180109e+00 1.664889681350038897e+00 1.661062570098384583e+01
7.075441013903852827e+00 -1.458074965903359832e+00 1.570361694067672254e+01
8.893868809152511545e+00 2.350585859025804858e+00 1.660185069596842666e+01
7.220178785534963062e+00 -1.206506963821158074e+00 1.583726829784886014e+01
9.090799507554326198e+00 2.958055758931611656e+00 1.649455099541205172e+01
6.999020249914511993e+00 -1.596384083091266337e+00 1.561995001299274577e+01
8.858193594912936675e+00 2.273614141437734215e+00 1.657836255895633215e+01
7.152110994284616829e+00 -1.316589319399319002e+00 1.577613943784110084e+01
8.961607792179055565e+00 2.499722629973792465e+00 1.653874708216486411e+01
7.352319848876883057e+00 -1.073586530514257786e+00 1.591363813303574837e+01
8.934617297960407711e+00 2.396714753665620812e+00 1.660416938323327329e+01
7.031765191974839624e+00 -1.603154554478803728e+00 1.562123207405497816e+01
8.825629628595047294e+00 2.325801233324814810e+00 1.655568565790573388e+01
7.154648661439555468e+00 -1.382123793198277273e+00 1.575537192148171250e+01
9.285862593827463485e+00 3.802529637980292421e+00 1.626112907758233916e+01
7.111057762822195372e+00 -1.406589021689331087e+00 1.572186233087397866e+01
9.005686492925557118e+00 2.716043590089356474e+00 1.651145820130946262e+01
7.445007618609118083e+00 -9.390994392427702842e-01 1.598253007373664758e+01
9.357376259496751558e+00 3.824075614471218465e+00 1.618996491840456287e+01
7.239980353634964061e+00 -1.253306648703082171e+00 1.582522662639101974e+01
9.137149452012813811e+00 3.151076022586922765e+00 1.643852911623848101e+01
7.367963237171452739e+00 -9.603725089848580421e-01 1.592464233394719741e+01
8.946303435547976690e+00 2.451119946441853159e+00 1.654610862389110792e+01
7.277570828219917409e+00 -1.030071067977078370e+00 1.593189168025459423e+01
9.095683779015226733e+00 2.989330902482461028e+00 1.648148229924181862e+01
7.304392595382351416e+00 -1.078395614656862067e+00 1.588601765519116782e+01
8.659850989559471302e+00 1.743661505314920035e+00 1.661434155950221481e+01
8.593178074443507342e+00 1.381129216192356735e+00 1.662739397247665352e+01
7.148627168273341326e+00 -1.361790635752395673e+00 1.573284136502064889e+01
8.826694235375885711e+00 2.255122491706022636e+00 1.659965438489206946e+01
6.718272763350279675e+00 -2.077067962556400804e+00 1.533484324147419819e+01
8.973849486039798151e+00 2.645769286404834553e+00 1.656814440667158905e+01
7.082992135081642715e+00 -1.432342868043718465e+00 1.573652260780325385e+01
9.094554417821541392e+00 3.113815165462996859e+00 1.651149715207505864e+01
8.922537774818168899e+00 2.550114759249172192e+00 1.660023657894483406e+01
7.998527408419070284e+00 1.349607125718081946e-01 1.626415024429858747e+01
9.034608518283135936e+00 2.758176190702924746e+00 1.656779793257524247e+01
9.586278024112571572e+00 4.767344343032511311e+00 1.604873021018899593e+01
7.909531777260554897e+00 2.783199193778074232e-01 1.633093249200891961e+01
9.267484800224730535e+00 3.625657845559250525e+00 1.643856325949642638e+01
8.999739948486066510e+00 2.671098134387783762e+00 1.659842681885005433e+01
8.946495596571470088e+00 2.522399837378069165e+00 1.662020528070031489e+01
8.422186030733252338e+00 1.251684934606542399e+00 1.655899296141786436e+01
9.105251528694521923e+00 2.978414743787293428e+00 1.657874675829123490e+01
7.120196316846943319e+00 -1.488150652833428511e+00 1.568905631667519174e+01
8.071836061787351468e+00 3.595377444366031350e-01 1.645511737174307498e+01
9.542252626269029037e+00 4.539462456840773541e+00 1.618052717190025902e+01
7.917301062003118339e+00 2.306121169136443605e-02 1.632711521548662859e+01
9.427325330108976331e+00 4.044756141132499927e+00 1.636777935125020988e+01
8.252682635008996570e+00 7.615615873258259061e-01 1.651880063128838572e+01
7.491230157135422729e+00 -7.902801848557738928e-01 1.603256103064805771e+01
9.517138368572171103e+00 4.425387466345686249e+00 1.625151351674792011e+01
8.807577911382121982e+00 2.025720962856584428e+00 1.675495751248343268e+01
9.242800856937169129e+00 3.272533775473110307e+00 1.655109966628378615e+01
6.881694663369580134e+00 -1.788550852056626006e+00 1.547995242245956682e+01
9.085461354636020559e+00 2.749741552238329501e+00 1.662236634720705908e+01
6.757038945299179034e+00 -1.950078004594117065e+00 1.535524920944369320e+01
8.927459745645212053e+00 2.394373914341390908e+00 1.667321208977978486e+01
8.983750491634642898e+00 2.466395870568983462e+00 1.665777015707069353e+01
6.576456533267584170e+00 -2.184258608602722695e+00 1.513958132525406519e+01
9.225948402500359080e+00 3.207247518081064452e+00 1.656441672082655359e+01
6.391135236001067810e+00 -2.488285344779249453e+00 1.488977391526379890e+01
8.801910018426388760e+00 1.991397169725496630e+00 1.662717370377479753e+01
7.024160886288284722e+00 -1.476294219357697779e+00 1.561716766716496174e+01
9.249719474669261032e+00 3.039546949885106208e+00 1.656303132093277242e+01
7.568726339696235428e+00 -5.694533141150974753e-01 1.612265666188111268e+01
9.399269444145360808e+00 3.778768127119430886e+00 1.636873272242322130e+01
7.371201234470930785e+00 -9.567881033691529868e-01 1.595640103464664961e+01
8.896002035418275611e+00 2.154030599203458962e+00 1.663443761273335753e+01
7.570492502556685821e+00 -6.346167293681961308e-01 1.611042201902955640e+01
8.755528358750311213e+00 1.787527662562348851e+00 1.663998881024301824e+01
7.281129256998718269e+00 -1.228169116914585857e+00 1.590747980267109085e+01
9.030168235502944896e+00 2.681829232005883856e+00 1.663631160991192104e+01
7.151807588960301665e+00 -1.276786828503662763e+00 1.573422478606777020e+01
9.044808799171221381e+00 2.656536576218259782e+00 1.662384074416084800e+01
7.486010357324439646e+00 -8.274293574653350802e-01 1.604932165797429633e+01
8.432997542009433189e+00 1.255569945407006616e+00 1.654960735356288737e+01
6.138256345329968333e+00 -2.558401518676754804e+00 1.454311586301021286e+01
8.433378559364992810e+00 1.314748673298133497e+00 1.656295485302217685e+01
6.321702290097535482e+00 -2.537048019040184510e+00 1.473475231993412038e+01
8.799358464469037244e+00 1.931672019588922984e+00 1.665709749100765436e+01
6.914860951033305447e+00 -1.661753603341695307e+00 1.547730607561755356e+01
8.694462808636881590e+00 1.853648390119529088e+00 1.666069082208213104e+01
7.003121642518199685e+00 -1.356467132099637762e+00 1.557570225668431796e+01
8.756466776809013197e+00 2.132784609840448375e+00 1.668392428172923658e+01
7.194356694987322776e+00 -1.199885010486656967e+00 1.580869262545577669e+01
8.665432268605039567e+00 1.755183732710653866e+00 1.666906553403664049e+01
7.346263942353850496e+00 -1.097034063659504843e+00 1.593380813813940300e+01
8.488511649086568411e+00 1.379874471571418404e+00 1.662569932162753261e+01
7.697501734446739796e+00 -3.997980306415480634e-01 1.619936673773018398e+01
8.645528199007172176e+00 1.629494435120943496e+00 1.665206388788981684e+01
7.252596830668464278e+00 -1.110822363879034658e+00 1.582926127161444363e+01
8.766518829981068350e+00 1.839324698744796205e+00 1.665559696245267318e+01
6.902933666675821200e+00 -1.705094981921232211e+00 1.538224790802332187e+01
8.547731797725903746e+00 1.475242450490554802e+00 1.664905208515506985e+01
7.229115245063705508e+00 -1.159386844053484023e+00 1.574043742702372839e+01
8.767193862050133291e+00 1.864300818594480713e+00 1.665516565301657437e+01
7.570540091289853279e+00 -4.558727595469713734e-01 1.615100058252665960e+01
8.507060509111861180e+00 1.311824558437485688e+00 1.662639559416745527e+01
7.099652957921978924e+00 -1.461746647779884611e+00 1.553389677937267166e+01
8.748872078175704559e+00 1.965614727738940637e+00 1.666793825372084825e+01
6.674954420382600340e+00 -2.011429228053760898e+00 1.507504615431355788e+01
8.869383481553134274e+00 2.163574391679931264e+00 1.665127410433770550e+01
6.918922390734091543e+00 -1.667070621163332156e+00 1.544464902348238589e+01
8.588423025293083768e+00 1.532208223621775556e+00 1.664994282194947672e+01
7.357905227784812041e+00 -8.884941122134268898e-01 1.591783719063833935e+01
8.487226909750262394e+00 1.417584807156570870e+00 1.664202095726584218e+01
7.210267151427097509e+00 -1.256895153940627896e+00 1.570468348234200029e+01
8.669545465116112126e+00 1.751313032729753916e+00 1.665808831169576010e+01
7.107355119244805230e+00 -1.165129141257972067e+00 1.573275213675109008e+01
8.640664423600822985e+00 1.747484567864401983e+00 1.666181594959681078e+01
7.041387700590116872e+00 -1.386040678459268927e+00 1.563225895830954570e+01
8.702678573792798744e+00 1.749342813584955802e+00 1.665148970585419619e+01
7.203895324893196062e+00 -1.257582071772970878e+00 1.571873093075324412e+01
8.665204754900990736e+00 1.778619258337581943e+00 1.668137844007282666e+01
7.361497166825986760e+00 -1.022305684662895731e+00 1.588027755006571162e+01
8.615895006105569465e+00 1.661451578154349962e+00 1.667606871559291903e+01
7.390654362985912940e+00 -8.270688655166473779e-01 1.599908953227466668e+01
8.582461253758149056e+00 1.670553251814275386e+00 1.665963671087231290e+01
6.991596424264280962e+00 -1.686169426140917471e+00 1.538320027576594207e+01
8.653108852186385036e+00 1.506514207014043150e+00 1.662807242963289056e+01
7.379927189978035429e+00 -7.327863548296129625e-01 1.600987763868350555e+01
8.544443691632555016e+00 1.449020898125200407e+00 1.663303945089773705e+01
7.093297771664841989e+00 -1.477194771166350229e+00 1.556449331338164122e+01
8.677457558863530096e+00 1.664319157716818598e+00 1.665984843628421430e+01
6.976323261808756726e+00 -1.444852482375096780e+00 1.552858265282316452e+01
8.559565247447473268e+00 1.372203885543956448e+00 1.661747303366148998e+01
7.287666369501279107e+00 -1.218949871194769496e+00 1.572700987999117572e+01
8.713900417400612497e+00 1.817094148035590440e+00 1.664866682868283476e+01
7.586198467989702543e+00 -7.029035305634829811e-01 1.605945085311507370e+01
8.311167722399137148e+00 7.820899520402944116e-01 1.653953101222458955e+01
7.331658714415107525e+00 -9.044956736269385011e-01 1.592954023656360185e+01
8.565811482100590624e+00 1.329322887671881226e+00 1.662314772104582516e+01
7.574056620422641828e+00 -6.679246603378805602e-01 1.605694136676919115e+01
8.838983053810562041e+00 2.109618207956454050e+00 1.663337388047774112e+01
7.090764326301327358e+00 -1.303228877064507074e+00 1.567642877316113115e+01
8.693474239811861182e+00 1.811556497745399508e+00 1.666478261232098745e+01
7.488232136133790462e+00 -6.786236483553732546e-01 1.605067761654212788e+01
8.646123290138442385e+00 1.748646074427834041e+00 1.670543139875059779e+01
7.269733089402286019e+00 -1.116336274376434679e+00 1.582212187390848079e+01
8.539999953506207220e+00 1.422157038866304291e+00 1.665686440210612673e+01
7.239392861777945498e+00 -1.241381563742258054e+00 1.575583787209537867e+01
8.914561263294016769e+00 2.301701759328642627e+00 1.665196052789957193e+01
6.966651135964456287e+00 -1.545736021976878316e+00 1.555351683604387780e+01
8.727843191961698111e+00 1.744978182470760197e+00 1.661073463018266239e+01
7.020297353454752809e+00 -1.443650874939031770e+00 1.562599075359665157e+01
8.877068380405725989e+00 2.210677298907417043e+00 1.663205443783210669e+01
7.013454411052785886e+00 -1.524499984930134389e+00 1.558442869987703361e+01
8.861008902847535396e+00 2.167804829090499208e+00 1.661573794812931126e+01
6.969599344536487884e+00 -1.593888543981809791e+00 1.554302611694882685e+01
8.851910775656559593e+00 2.260100784328474166e+00 1.663057237533753963e+01
7.018893577961998531e+00 -1.576979942997975837e+00 1.557524342494174441e+01
8.427329907670218390e+00 9.506923622132642526e-01 1.657196668882174961e+01
7.178460934966239826e+00 -1.168276887558427513e+00 1.578702502738970992e+01
8.627472042632074789e+00 1.627083093367845734e+00 1.664695210132445169e+01
7.479070492855912633e+00 -6.566480025240977181e-01 1.607313865056302760e+01
8.555424869335469751e+00 1.419602873130271892e+00 1.662226012898633343e+01
7.381323864516687649e+00 -9.326092524191651467e-01 1.594303036833102816e+01
8.555748984767747700e+00 1.443923866823087820e+00 1.663365466388496472e+01
7.259307077169191658e+00 -1.105434916564707493e+00 1.585161986341844198e+01
8.515007681361641545e+00 1.330251790134264311e+00 1.665049981138744428e+01
7.328648085980306703e+00 -7.628347809144409020e-01 1.599196325138507824e+01
8.553832653540068165e+00 1.466748810261512492e+00 1.666316977315951675e+01
7.359310031831746812e+00 -1.030967891766376487e+00 1.590680269962361137e+01
8.787050147106342024e+00 2.034446244084044064e+00 1.664027502966247241e+01
6.265706408739784017e+00 -2.790846617063750035e+00 1.472696293677168811e+01
8.406642597007953910e+00 1.145022425760022999e+00 1.660703501858881026e+01
7.086369418553544186e+00 -1.422660344880992467e+00 1.569631243348289118e+01
8.840941247853804086e+00 2.069346353370560720e+00 1.667266365954306195e+01
7.422113222685301714e+00 -8.734291622593732818e-01 1.597299710584009169e+01
8.335622223116313734e+00 9.126338007039113132e-01 1.657046156086001787e+01
7.123768572802375409e+00 -1.478204993008690016e+00 1.570291343039190046e+01
8.760817096222471179e+00 1.860922765287885250e+00 1.673958529114208460e+01
6.843412392856524917e+00 -1.780781896652648300e+00 1.541801652265883149e+01
8.287371948863629711e+00 7.536213388281521874e-01 1.658872568353186949e+01
7.320571410928430112e+00 -1.054006866651800767e+00 1.587712544371338019e+01
8.822600162948589286e+00 2.069071710550968834e+00 1.668120969531315012e+01
7.547364385180833857e+00 -6.448926189557130373e-01 1.605669628365795631e+01
8.477675873777455351e+00 1.274569164825364531e+00 1.661552834328954376e+01
7.353796691724109991e+00 -9.683672010178749900e-01 1.591531062901220395e+01
8.358875726417732466e+00 9.490772216178520182e-01 1.661106543693865945e+01
7.627097489256863483e+00 -4.797802347049605620e-01 1.614852984016894055e+01
8.141789574562713128e+00 4.721296895433195751e-01 1.650584940770814057e+01
7.180120025307616061e+00 -1.193021639924243482e+00 1.573024322762716132e+01
8.945956397855871600e+00 2.387346937838859873e+00 1.671198583118766123e+01
7.573535033954201801e+00 -5.745433447620774681e-01 1.608175693381648941e+01
8.683198075874161148e+00 1.644086681857854115e+00 1.670365308502167068e+01
7.927268015345735108e+00 1.250320689964173893e-01 1.630672427839639838e+01
8.413981022335743631e+00 1.147402564874490771e+00 1.664372264559460035e+01
7.277533265155970099e+00 -1.082329442171179101e+00 1.585792772204767864e+01
9.145677346381663853e+00 2.807444166675078456e+00 1.671580414921731261e+01
8.943285689503410296e+00 2.377229646464600776e+00 1.674890814034386111e+01
9.739479538806529391e+00 4.718240073512132149e+00 1.642973521309913920e+01
7.677432364493366634e+00 -3.601453883780360021e-01 1.617419035320961029e+01
9.620848159983770742e+00 4.447270556148474441e+00 1.655023521576877243e+01
7.845583667235922043e+00 1.944662879515619003e-01 1.635915035534021555e+01
8.298268970187017146e+00 1.008823917684946725e+00 1.662262424192130439e+01
8.161691419869340436e+00 5.576593322850942336e-01 1.649639109554262362e+01
7.794035266718842614e+00 -4.590066101350043226e-02 1.630857430770392824e+01
6.342885853478438918e+00 -2.534990609243966020e+00 1.485819245058698357e+01
8.957821918445587173e+00 2.245801771355682597e+00 1.677119202045428281e+01
7.036368553712900820e+00 -1.398302782834954350e+00 1.561362819551545833e+01
8.623000595025960280e+00 1.303329290150572639e+00 1.668330713291625500e+01
6.275824856308954480e+00 -2.532820776964458176e+00 1.476158399769538043e+01
8.787898727487482020e+00 2.025448833846450469e+00 1.679742164976436314e+01
7.593882669248031902e+00 -5.990932880683217387e-01 1.604934316480193246e+01
8.033361774777777242e+00 3.043249099526232904e-01 1.636435692938681896e+01
8.479080402043679854e+00 1.331065623535710341e+00 1.669591058489073632e+01
8.977908113981213134e+00 2.401355867371480102e+00 1.684593245673421436e+01
7.733751403621793585e+00 -4.588056836437501840e-01 1.616182127117791367e+01
9.321682402835616443e+00 3.317698240849287661e+00 1.675773160970429387e+01
7.288678327919216215e+00 -9.536996648244473462e-01 1.583230172329131591e+01
9.187838948800518324e+00 2.911749601786432162e+00 1.680659084293480277e+01
7.237286201782243467e+00 -9.649699355517069588e-01 1.576570100244022044e+01
8.235233224877603675e+00 7.870412553620274032e-01 1.651149900362503331e+01
7.078127189412377618e+00 -1.320109748911848069e+00 1.553184975201631524e+01
8.351899030009761304e+00 9.886149028735986555e-01 1.651556811291795768e+01
7.184047631117844723e+00 -1.132689572099435216e+00 1.570971642470504648e+01
8.463375190779101942e+00 1.255373609202353080e+00 1.669362607919152808e+01
7.138127742967014022e+00 -1.222621332978886866e+00 1.563394597216360893e+01
8.174637079314679866e+00 6.725869961802655173e-01 1.645705328742573315e+01
7.282633699332448529e+00 -9.763815651007643481e-01 1.583142599240714432e+01
8.402183565440255464e+00 1.024774618381262048e+00 1.667198975368048863e+01
7.335485950583582770e+00 -9.082167951201616241e-01 1.586037549652344936e+01
8.691276634278517932e+00 1.569642141384210765e+00 1.676481273296822039e+01
7.113541544617860701e+00 -1.262926691614465691e+00 1.556988565807795233e+01
8.628479529731983177e+00 1.465462420220230655e+00 1.674549809088297181e+01
7.258979520100152349e+00 -1.101297188880293598e+00 1.571810040539081221e+01
8.719647635840328093e+00 1.715673261946846662e+00 1.677065470986705620e+01
7.272996308850239622e+00 -9.593946166509710327e-01 1.573644902792026024e+01
8.829887182059602324e+00 1.886700764024147547e+00 1.679315168903371358e+01
7.329554448777132691e+00 -9.352524160606510151e-01 1.582204344092698989e+01
8.710615266742324891e+00 1.627143652637472737e+00 1.676736378210379286e+01
7.357331119647175122e+00 -7.294348487155302152e-01 1.585500400222290551e+01
8.474319048274214339e+00 1.125627389295107417e+00 1.668459410047060842e+01
7.324091991393759216e+00 -9.463544849788181335e-01 1.579840064059983895e+01
8.553700101847383053e+00 1.344847177272920247e+00 1.669753524848229276e+01
7.483397792045187735e+00 -6.492137345967946560e-01 1.599880608699727702e+01
8.469102960271111868e+00 1.186668629868639524e+00 1.666885028935833546e+01
7.146357471010460927e+00 -1.112155987299380921e+00 1.554640759252180970e+01
8.417830766085506511e+00 1.054286958744974800e+00 1.663345258520099179e+01
7.533869398746579904e+00 -5.909728732109431615e-01 1.599711595080118620e+01
8.591911612723190927e+00 1.336719491824803985e+00 1.672113867972136347e+01
7.520493552936150294e+00 -6.539922860576550256e-01 1.601750866541185658e+01
8.510195038496192410e+00 1.273962981886702650e+00 1.668832355462536654e+01
7.422447815572165375e+00 -7.322664765076714044e-01 1.591150970712095258e+01
8.313993000804584810e+00 8.734376866512132409e-01 1.659761911691889225e+01
7.715585508230320855e+00 -3.271801416278988794e-01 1.617306289853349810e+01
8.293487729095469163e+00 7.907423138083031766e-01 1.658463015232490179e+01
7.648339331579872002e+00 -4.404708757804250974e-01 1.614291466806667685e+01
8.435383422492250816e+00 1.110084497890320598e+00 1.665276946236667754e+01
7.204225851248028611e+00 -1.097879128670363524e+00 1.571544553841452796e+01
8.656671888279378280e+00 1.506407927422307447e+00 1.673030033473441947e+01
7.612037858639679300e+00 -5.125121544613326918e-01 1.612746783244998028e+01
8.464198279413643888e+00 1.106949674955815199e+00 1.666792949002133639e+01
7.404085111972240618e+00 -8.191357176933148354e-01 1.591682913489435158e+01
8.626861064442481464e+00 1.452798401472559231e+00 1.672242870575048812e+01
7.498706176546726887e+00 -6.702807461931628019e-01 1.598479626523038810e+01
8.474478551206264143e+00 1.160331558550241837e+00 1.667220177879379861e+01
7.282117871005691967e+00 -9.936890109743090616e-01 1.577777338180147204e+01
8.483786639258820372e+00 1.173557075597829069e+00 1.668055849641444510e+01
7.322485331767859762e+00 -9.259568607675685570e-01 1.582885643246633123e+01
8.505329011092186420e+00 1.236430755673088466e+00 1.670103109918154161e+01
7.020053116843525842e+00 -1.275852029791535003e+00 1.547962582009779453e+01
8.240370294731235390e+00 6.793069447224162616e-01 1.655583358522331139e+01
7.628375750014066092e+00 -4.502787347645551552e-01 1.612381708006552827e+01
8.526360486773594261e+00 1.236176737824992822e+00 1.668260133086126729e+01
7.486996773649601700e+00 -6.518214205536210226e-01 1.598600530783038920e+01
8.593810869306059530e+00 1.396785267755679572e+00 1.672430579545580898e+01
7.592612537173134335e+00 -4.698651839691116994e-01 1.608181774505136730e+01
8.488328904790199303e+00 1.154883470823565572e+00 1.666608938138042362e+01
7.535279161527387082e+00 -5.745855455723503091e-01 1.603460213541987045e+01
8.617260937979725810e+00 1.444995570915402983e+00 1.673353888561994296e+01
7.577991817471223079e+00 -5.023727951612182441e-01 1.608139256750051160e+01
8.372411931196083401e+00 9.481697549026812943e-01 1.663289509276782496e+01
7.533212375693295826e+00 -5.670477998303355971e-01 1.603944676187601459e+01
8.578832315818923249e+00 1.364287733474485176e+00 1.671636075730456739e+01
7.240215071910362177e+00 -1.069460832094146552e+00 1.575562591568264459e+01
8.473706594996752273e+00 1.124807259570964835e+00 1.669929718239027849e+01
7.154991116022539899e+00 -1.173157241265524897e+00 1.566790093531515993e+01
8.592387537377970119e+00 1.360639837386259376e+00 1.669582200200147071e+01
7.698191910786390757e+00 -3.116687571281915314e-01 1.617355315172129337e+01
8.415061515074187426e+00 1.030140710671366699e+00 1.668192275363400157e+01
7.410138576180719916e+00 -7.978835319998855979e-01 1.591664323821279936e+01
8.232987440134088786e+00 6.346946908687423061e-01 1.653848777255089431e+01
7.384481827283877031e+00 -8.623473223782067709e-01 1.587723042391322181e+01
8.423300629344847579e+00 1.063821698857756459e+00 1.666626256698868147e+01
7.574538984777476003e+00 -5.815540731307686784e-01 1.603122143917744680e+01
8.461734964092952893e+00 1.115345491463192840e+00 1.665562141973499166e+01
7.634894634744324726e+00 -4.420580878273060454e-01 1.610618168406728756e+01
8.632713255885404280e+00 1.477525637474507381e+00 1.669712528681489516e+01
7.310568166229636233e+00 -9.421365956156124710e-01 1.583984865435286160e+01
8.514851190822172455e+00 1.277799492542223803e+00 1.666319601040763487e+01
7.042029108710179841e+00 -1.436727343473885643e+00 1.553633286907238187e+01
8.304536588620141657e+00 7.957754052889614016e-01 1.658806007660689019e+01
7.668394707426294588e+00 -3.831682022853399872e-01 1.614017879881794926e+01
8.471178944445822978e+00 1.123612876018898366e+00 1.668353899391211215e+01
7.518890448851329289e+00 -6.649180835152089797e-01 1.599443452960762357e+01
8.487962976374342716e+00 1.258619074375276536e+00 1.668431680698893871e+01
7.284650036382824823e+00 -9.687952677936073620e-01 1.582607901668500361e+01
8.593827278612568676e+00 1.387381186863565929e+00 1.671386684224494346e+01
7.492404974206714918e+00 -6.560897389460997875e-01 1.601154127067105648e+01
8.391911851588352178e+00 9.782639168454667633e-01 1.664721232507949722e+01
7.566178264833129496e+00 -5.654983242103985841e-01 1.605808247019731994e+01
8.508243160534965099e+00 1.138365875572072028e+00 1.665606693695335849e+01
7.227772916842244655e+00 -1.104684547296244101e+00 1.578013906205375427e+01
8.666335960496954982e+00 1.680335586009158000e+00 1.674609430680834166e+01
7.337395425013477634e+00 -9.232799245949514511e-01 1.587991675785935897e+01
8.302195398795765513e+00 7.188317418568389572e-01 1.666195413827416871e+01
7.456209566803722488e+00 -7.836797852974388690e-01 1.595093348440293823e+01
8.612239879104059526e+00 1.531534922520395359e+00 1.678877335291669226e+01
7.819324110913366432e+00 -1.620767041600346126e-01 1.619724432018146132e+01
8.633562763112758276e+00 1.720566702686642468e+00 1.673810012611225062e+01
7.759951586955237346e+00 -1.889458082151673768e-01 1.624610136133763305e+01
8.438906542759028184e+00 9.184331745630682775e-01 1.669676791083628586e+01
7.409903476927605759e+00 -7.577827848302163272e-01 1.591512226684647935e+01
8.652150304041848372e+00 1.625002963616891893e+00 1.672426414827203800e+01
7.608949367614671999e+00 -4.875884684513431822e-01 1.608529427564383951e+01
8.793890561040623055e+00 1.857983680078680422e+00 1.678422378970265427e+01
7.813894685898578274e+00 -1.282599155904279309e-02 1.627080929410832510e+01
8.708774003727924651e+00 1.666802704737275098e+00 1.674398063258245983e+01
7.567675048299874696e+00 -7.014082829345793524e-01 1.603192929899091013e+01
8.402766858416605089e+00 9.394363742136655482e-01 1.665364629445949873e+01
7.626707661443373532e+00 -2.556621623166565049e-01 1.616946867051810699e+01
8.656521604461563157e+00 1.449363377319770274e+00 1.675825158758085820e+01
7.356081370811402564e+00 -9.807296832931906572e-01 1.586657137306576359e+01
8.452193819296292432e+00 1.322407920608009935e+00 1.672665500463872590e+01
7.577704312399501596e+00 -4.227196507725331509e-01 1.605977513168397053e+01
8.757520110648622236e+00 1.697341111763478461e+00 1.678901931382171497e+01
7.651251768073534798e+00 -3.625422410803817996e-01 1.609961680984805454e+01
8.794653161590357371e+00 1.824924340521217658e+00 1.682698886059407783e+01
7.725586827792996658e+00 -1.276929008604944515e-01 1.617475395906771851e+01
8.424571664809135996e+00 1.105556993074408467e+00 1.672750045755680759e+01
8.215328059117783965e+00 8.044626631595680477e-01 1.652965466642384484e+01
8.151322315661705176e+00 3.550070495236017365e-01 1.645967730723584310e+01
7.871703534503028621e+00 2.462743919901241307e-01 1.631488291683099945e+01
9.094451861543115356e+00 2.451245085099520882e+00 1.696355023799072015e+01
8.370069187334030048e+00 9.740787022212979984e-01 1.661441690448491215e+01
8.699800972310439917e+00 1.684817062112493824e+00 1.687098979430932033e+01
7.519247777211869987e+00 -5.812702632044909334e-01 1.602406972366302540e+01
7.891822973006712871e+00 1.357077927389296335e-01 1.638604851582454813e+01
7.184135511717602007e+00 -1.109445650649179882e+00 1.570479183628015996e+01
8.291980775092651967e+00 7.291058369023399877e-01 1.659595336151928890e+01
7.105774189127947338e+00 -1.332386155746245526e+00 1.554059917550786807e+01
8.354732923584045068e+00 9.902721975119175291e-01 1.667970344250488424e+01
6.459897488022696699e+00 -2.204454017486469297e+00 1.483788191404327605e+01
8.986910161667228891e+00 2.066848096216197028e+00 1.701259931983331342e+01
7.267286559391081369e+00 -9.365301137880985838e-01 1.575837465243096602e+01
9.396923400924565684e+00 2.840340773760469339e+00 1.720176804366295897e+01
6.937841088431095926e+00 -1.386900643894103391e+00 1.539745682571970775e+01
8.197481562075159545e+00 6.088460821749510643e-01 1.654704539801202401e+01
7.395372248564289208e+00 -7.181646962931023115e-01 1.585794331385807077e+01
9.000553244612445880e+00 2.004514571841166770e+00 1.709548609648573247e+01
6.876447063774145718e+00 -1.412092815403050095e+00 1.527909359241804665e+01
8.217062190373397357e+00 7.086877022299704620e-01 1.649891474448914863e+01
7.735122269775892789e+00 -2.401125301756044106e-01 1.617869297525821537e+01
8.449443223129925684e+00 9.703418430724535249e-01 1.678827778907292156e+01
7.179070496020050207e+00 -1.004385754176672085e+00 1.560384231001546951e+01
8.553613362834910916e+00 1.154053230891227688e+00 1.681048029669249644e+01
7.142323065267117244e+00 -1.018673576615779952e+00 1.552721774817670308e+01
8.359532313388402969e+00 8.847198183453381937e-01 1.668156251868882833e+01
7.313481318822074861e+00 -8.593007580747720198e-01 1.570318397069864247e+01
8.429286717784252758e+00 9.877395256293097781e-01 1.678725772192770549e+01
7.403703352388462555e+00 -7.240249604282201767e-01 1.585181142841461543e+01
8.308042928846596453e+00 8.118140076820239415e-01 1.663672346974792404e+01
7.013196812163775107e+00 -1.102873564704083487e+00 1.532299939532359900e+01
8.614890741846833677e+00 1.239272629970543882e+00 1.683056962804898404e+01
7.427538246402214384e+00 -6.014655483360156207e-01 1.579740285846940573e+01
8.411605741727452568e+00 8.790421191706971893e-01 1.672206123398027344e+01
7.397196276192818054e+00 -5.354297598467157027e-01 1.586109106688542347e+01
8.235723396169943200e+00 6.981979568011666970e-01 1.664269051907445984e+01
7.512687509780013428e+00 -6.268217269183933293e-01 1.586323300611947396e+01
8.343250523064103419e+00 7.044402344596401022e-01 1.670147352054116041e+01
7.284425730639791929e+00 -7.689365893868571611e-01 1.561787169751139004e+01
8.357592967305652820e+00 9.907601005769040015e-01 1.664018315789756031e+01
7.708869208206709622e+00 -2.298570496352065895e-01 1.610938780324502417e+01
8.647450264924987806e+00 1.227200279356811086e+00 1.695340656154455417e+01
7.579300443151598898e+00 -4.903571100207448907e-01 1.597869074673151957e+01
8.201659226993072593e+00 6.842579222168148068e-01 1.663742081483668400e+01
7.539826628893885996e+00 -4.765097250235075244e-01 1.583793296359653446e+01
8.487640039593779662e+00 8.012391386261135118e-01 1.669842609096318853e+01
7.476842837813869380e+00 -4.291463692518235895e-01 1.597541386393319129e+01
8.285983935818880042e+00 7.415474156085459789e-01 1.657377964283165284e+01
7.546538843229264160e+00 -4.041667913052653383e-01 1.595000554153550354e+01
8.269078838416502819e+00 6.712186743192742888e-01 1.662648444740513298e+01
7.816646249599905616e+00 -1.202324670473948753e-01 1.622500835912765638e+01
8.305609294239046037e+00 6.766774438637046529e-01 1.660155986155377050e+01
7.371066308258081179e+00 -7.021756525353458622e-01 1.564926172505441926e+01
8.390611091234365659e+00 9.041382088964211583e-01 1.666829350059816761e+01
7.691070376118988250e+00 -1.869396331201604866e-01 1.610479516277040446e+01
8.281435426020520296e+00 7.542488738730012132e-01 1.660008232691115992e+01
7.509407516306972674e+00 -6.053353905302889526e-01 1.585460946427086704e+01
8.246753552693586897e+00 5.384151486828818722e-01 1.651574273447486618e+01
7.677397547605485428e+00 -3.122235651786603450e-01 1.604543158387198432e+01
8.306908616773798215e+00 7.529026376385719033e-01 1.670015354786989192e+01
7.595252995758317027e+00 -3.850976296766867035e-01 1.600988512587151291e+01
8.391924393681760463e+00 9.060983207447934618e-01 1.670202337648976965e+01
7.670739323264497145e+00 -3.423579260269866698e-01 1.607410667553147476e+01
8.354186524596112662e+00 7.160620139605629042e-01 1.661663197155869653e+01
7.600160601586591014e+00 -4.834250008280436273e-01 1.590539301501568836e+01
8.294348746991868637e+00 8.379277950357271187e-01 1.672325375170924389e+01
7.565839132094808406e+00 -5.443806825291316320e-01 1.590163025076039638e+01
8.336254940363703625e+00 8.662899910137031867e-01 1.674167936302405124e+01
7.691455179695762645e+00 -2.257895163896096458e-01 1.610238897229007904e+01
8.275634528014112590e+00 8.920816390165953180e-01 1.674739783332400833e+01
7.839583923446762803e+00 -1.707222091934411101e-01 1.614034429008253113e+01
8.245174941977394312e+00 7.045491333696021208e-01 1.665502439688312464e+01
7.742356792278362043e+00 -2.205841834172208582e-01 1.616120395162106860e+01
8.317891159892475628e+00 7.067818108981720471e-01 1.665513253385040215e+01
7.700017488251732267e+00 -9.330768741988659798e-02 1.622012054320750707e+01
8.256401739192099853e+00 6.941151619229897207e-01 1.664349492098156702e+01
7.777428484868163849e+00 -3.545412978219811828e-01 1.604398127721596978e+01
8.195184786914849084e+00 6.105233356311436932e-01 1.660659311102087088e+01
7.880976925490602802e+00 -6.903602701213351622e-02 1.620950872516577590e+01
8.350151612879370688e+00 8.911238443680353782e-01 1.673664861687111127e+01
7.448162038507636140e+00 -5.486077905867816629e-01 1.587511588214182723e+01
8.279177611223138555e+00 6.572867140484048853e-01 1.662621844813381600e+01
7.657096737629263572e+00 -1.884738261284817362e-01 1.615327564619926548e+01
8.357371604600135839e+00 8.302714545271698832e-01 1.670867230218832233e+01
7.616612391285814354e+00 -4.633591149561051559e-01 1.595098673683943424e+01
8.215757042349606465e+00 6.607811836461436883e-01 1.664686305016590850e+01
7.667258425947830247e+00 -3.687223388214182496e-01 1.600672485260810873e+01
8.167452086898324026e+00 6.050760977616027603e-01 1.663440641037211520e+01
7.801185713193884652e+00 -2.623313666717659309e-01 1.609195965961797725e+01
8.241710933168901576e+00 6.536558444738478357e-01 1.662740232788833694e+01
7.820100580170000981e+00 -2.390518192684157883e-01 1.610418052628934404e+01
8.240740457897887339e+00 5.471427383984729387e-01 1.657425878269258135e+01
7.784038869438141717e+00 -1.073070061743084946e-01 1.619795665873746060e+01
8.192005979603179000e+00 5.875029121535635390e-01 1.661927759456037279e+01
7.565310452281393871e+00 -3.616643436931308297e-01 1.603494726408831639e+01
8.363487887494732931e+00 8.318537363655789107e-01 1.667883721555653409e+01
7.682474310661556949e+00 -2.778884536341221789e-01 1.607520130845027140e+01
8.213982214377976376e+00 5.235577384720917493e-01 1.657397309779855732e+01
7.716592502468649251e+00 -7.349911223244520730e-02 1.622103932563974027e+01
8.318313785373414149e+00 7.570267276986022420e-01 1.668246153617455718e+01
7.765832247257094423e+00 -2.504430851461166840e-01 1.610083547255648284e+01
8.071214436248618895e+00 4.771230175570079779e-01 1.656980616301002840e+01
7.674920091224623597e+00 -1.840199826082511425e-01 1.616083869605079215e+01
8.191470240540621006e+00 5.422696061526968148e-01 1.659973111285921021e+01
7.744066430196018480e+00 -2.429710460854995757e-01 1.613544282319502088e+01
8.307008835106936218e+00 6.330757416923187275e-01 1.663493939018217915e+01
7.622684120437148714e+00 -3.852433698172199605e-01 1.604697192305618003e+01
8.365218557719407144e+00 8.859015885658536593e-01 1.671842806326326425e+01
7.657691486037631279e+00 -3.440439689402094992e-01 1.608168696676515808e+01
8.246054727274824359e+00 6.918886198953115851e-01 1.666376972979920978e+01
7.533808148791711901e+00 -5.749593482462106442e-01 1.591348800110496420e+01
8.209878412096674793e+00 7.101053671410877399e-01 1.663984447419659318e+01
7.823949114510236669e+00 -1.422853451623974919e-01 1.618415935100021841e+01
8.253042921416147593e+00 7.725630263746596782e-01 1.667231299024983571e+01
7.647308674693017672e+00 -4.218486974164856740e-01 1.600949738616411011e+01
8.277542919982552760e+00 5.975473520411902495e-01 1.665778114452665903e+01
7.564151529346154312e+00 -4.289736935694793418e-01 1.600923734506761065e+01
8.024573255832139651e+00 4.228556460578634102e-01 1.651985941191181695e+01
7.773207601443635539e+00 -1.761148921813909252e-01 1.614279950159621180e+01
8.235761531055123541e+00 7.295444304553920789e-01 1.666871363467042144e+01
7.860600687373445083e+00 8.230339389552199236e-03 1.625085523501100226e+01
8.259621509615017843e+00 6.350988350235085012e-01 1.665469426936311592e+01
7.431526742584178002e+00 -6.501090832661082786e-01 1.591709852188715502e+01
8.246343284546096442e+00 8.332610049505011496e-01 1.672698635311830984e+01
7.689365113175546718e+00 -3.259969059639737932e-01 1.609966902502332431e+01
8.216815810876495263e+00 4.572259685650126304e-01 1.653945898188705854e+01
7.770302687207034431e+00 -1.327535736779014153e-01 1.617195950882700117e+01
8.202312523829151658e+00 4.085231538532112516e-01 1.658986311911743172e+01
7.830430651897364314e+00 -2.016439109357650583e-01 1.613777009985917843e+01
8.286238811593657161e+00 5.398949964004535751e-01 1.663002259636453672e+01
7.614513848251546868e+00 -4.993214518483532482e-01 1.596855551464395262e+01
8.469030829775745062e+00 1.181865149117062641e+00 1.679136761785610332e+01
7.624018836477151950e+00 -3.712548974566083348e-01 1.600633398433599908e+01
8.364249569171089860e+00 9.767803979515381485e-01 1.678680010067907347e+01
7.686180645439683268e+00 -2.435774340312508723e-01 1.609635333021213199e+01
8.456600566964434407e+00 9.625834244096964643e-01 1.677536983032509710e+01
7.769190410093208321e+00 -1.052950060522836184e-01 1.618433471698380899e+01
8.226250656511528092e+00 5.199535613166308412e-01 1.666681067889586387e+01
7.843202314036894940e+00 -9.700923970123342954e-03 1.620405180734008965e+01
8.140752893962480030e+00 3.327301654331082381e-01 1.654504572975750776e+01
7.620794286137850371e+00 -3.491455131998352224e-01 1.605388202298735223e+01
8.360493302942289873e+00 7.445548888102374585e-01 1.672288083760779287e+01
7.770823623476865727e+00 7.545926880422770822e-03 1.618886739751907200e+01
8.366643690171832404e+00 8.388478881356894457e-01 1.676519598059599403e+01
7.645130024938159963e+00 -4.007612973287594249e-01 1.603590422276978344e+01
8.397913227690587235e+00 8.356472554352236681e-01 1.675836117477957998e+01
7.776446935741765820e+00 -7.652496467762914811e-02 1.613188869103521128e+01
8.203159422557142477e+00 4.953429718994016850e-01 1.662038186387587047e+01
7.467819248369188756e+00 -5.359136431479346596e-01 1.589045314758593896e+01
8.733654147286364022e+00 1.376217854242818062e+00 1.702970566065992131e+01
6.833516583568290059e+00 -1.494268876854689010e+00 1.527565754204907122e+01
8.269141887288871118e+00 6.031641693054304865e-01 1.668633534209332581e+01
7.755992546610213090e+00 -9.645179910621926034e-02 1.612408368299428219e+01
8.280339873236993498e+00 5.745859333412495218e-01 1.670566692856179003e+01
7.976313875625635319e+00 2.260378292580887682e-01 1.630892629392663906e+01
8.009376214557455853e+00 1.631509658078227898e-01 1.642901407931009672e+01
8.007707893046083214e+00 2.175606883327639851e-01 1.633401350721191037e+01
8.217630245571964309e+00 4.830611133516344857e-01 1.663212947004808839e+01
7.423885923784447449e+00 -5.434781990129727847e-01 1.574012603160338308e+01
8.409061529003210467e+00 7.633393903956791071e-01 1.685960329517757472e+01
7.481977668432053363e+00 -4.571524133985014338e-01 1.578729472872471717e+01
8.576699247795398051e+00 9.423155718657794111e-01 1.704471804703017668e+01
7.770978484499415195e+00 -4.034407503362258396e-02 1.613642552198178137e+01
8.254235869472685394e+00 5.808984982142479936e-01 1.673997376861817443e+01
7.690293353438612201e+00 -1.693737764348673125e-01 1.599443924945329698e+01
8.252853813818365580e+00 4.416262346263573058e-01 1.661641006685074728e+01
7.724430133480133520e+00 -1.484566408821292871e-01 1.599445290922471763e+01
8.190758274757587998e+00 4.288206914067287379e-01 1.661290191437117159e+01
7.230366419252550081e+00 -5.032289431454126660e-01 1.545166919862931465e+01
8.644660503224809389e+00 1.009524461733940059e+00 1.741746921076012455e+01
7.313565824346713207e+00 -4.445624869845161697e-01 1.542057316794996069e+01
8.152425624339908694e+00 4.241525067720852138e-01 1.655912443549244273e+01
7.228552579834291336e+00 -5.296081274938408967e-01 1.524148173341185597e+01
8.335190383770990863e+00 6.066615842522986579e-01 1.695439076917002552e+01
7.541531301864099035e+00 -2.844503982377661888e-01 1.563140045477861939e+01
8.484693454637710630e+00 6.270314682606847878e-01 1.714175943360524457e+01
7.624419237029054663e+00 -1.278827348493227767e-02 1.593179965054861036e+01
8.207484148460128637e+00 4.817054923433430336e-01 1.670855753760950080e+01
7.771264472005557700e+00 -8.394698564921210249e-02 1.588760734833222266e+01
8.401834672093899670e+00 5.373393259095381458e-01 1.713181752785346390e+01
7.852012708153990772e+00 2.577724833104122482e-02 1.623280497860347182e+01
8.303582959138751107e+00 4.063511725054396173e-01 1.691568302691155523e+01
7.695276437552529991e+00 5.107783510865759879e-02 1.594220168224665635e+01
8.157480934369109704e+00 3.874157850505839384e-01 1.681935659074131451e+01
7.757440216916580589e+00 3.099996461303566875e-02 1.600967479359911749e+01
8.137492130525707523e+00 3.506328064674545386e-01 1.667752262303946509e+01
7.714894059202316967e+00 -5.084103300288744798e-02 1.579528116246511793e+01
8.145516828859676650e+00 3.937689091857199397e-01 1.659173018830763269e+01
7.853147778335948459e+00 5.894910370248251930e-02 1.616944102897670987e+01
8.075541551371024696e+00 4.266031070651521429e-01 1.650792647839321958e+01
7.825490617124217785e+00 4.086685369378850741e-02 1.598286961145792162e+01
8.306761035395050286e+00 4.179441717492928809e-01 1.694605527989235227e+01
7.922398820702986733e+00 1.425566235436210860e-01 1.631767834683838103e+01
8.230273857921552860e+00 3.212087070364595398e-01 1.677288290937232773e+01
7.889005905856636858e+00 9.727343492124163049e-02 1.612164718573787070e+01
8.156734628642842821e+00 3.737281388505003799e-01 1.658868668323525952e+01
7.845209045620915589e+00 1.332272285347657625e-02 1.614133985271074678e+01
8.114023933210992467e+00 3.262610868670607900e-01 1.666052773387119856e+01
7.854274840536945135e+00 1.777897081527850531e-01 1.612721056368117800e+01
8.139557548711016111e+00 3.709888935306335789e-01 1.664910193784188408e+01
7.814345365351931250e+00 1.464624491463217826e-01 1.611017032608537747e+01
8.137331435053631878e+00 2.305008164563000506e-01 1.652348361226895079e+01
7.830224620883909914e+00 1.326924949974161994e-01 1.620731517591232773e+01
8.129861947661721544e+00 3.731170304158917816e-01 1.656615178224508256e+01
7.857441817116238347e+00 1.631269054427647580e-01 1.606290849360792805e+01
8.167342085393734408e+00 3.280062427668912761e-01 1.658931345648215938e+01
7.851220357675997796e+00 1.197318819715298688e-01 1.616752492656681994e+01
8.143610858357233084e+00 2.338768294832669348e-01 1.670116838775761892e+01
7.907771635803027444e+00 1.266590007699197606e-01 1.635747493366691430e+01
8.186285429533814550e+00 3.549977683874416812e-01 1.671095593792103884e+01
7.828762264512438840e+00 1.398479935304890454e-01 1.612112371055538063e+01
8.193919701390541377e+00 3.611543461145366729e-01 1.669253739533852254e+01
7.843596991511650351e+00 1.412650436745122029e-01 1.617693433867868080e+01
8.153948855585300137e+00 3.140747457328792458e-01 1.667538446215834114e+01
7.908628223830728388e+00 1.453440518980925189e-01 1.616166660030147995e+01
8.124863076090397485e+00 2.854223040536996159e-01 1.667053327479441194e+01
7.889551916658763098e+00 1.101455013703360741e-01 1.621175805853072660e+01
8.097772344228658881e+00 3.334585589648741966e-01 1.658393615036157343e+01
7.820146708901312138e+00 1.397566589439063200e-01 1.609179373918683353e+01
8.082808974768456167e+00 2.497200630787730358e-01 1.652926935027652533e+01
7.913651640384558483e+00 2.000628302713294282e-01 1.612154413888852389e+01
8.157723776487108225e+00 3.274669406681680606e-01 1.669150111620963628e+01
7.804209170746233326e+00 1.619076537290216056e-01 1.609838584206639567e+01
8.100987654524107739e+00 2.804302974255847847e-01 1.658374206148894103e+01
7.903792832314882943e+00 2.105789103187161171e-01 1.617555191762903988e+01
8.094501289714091996e+00 2.806477751609692262e-01 1.659757205737309604e+01
7.895982696682740887e+00 1.893263402826765585e-01 1.618353233961860838e+01
8.094591920585076039e+00 2.275599049284457998e-01 1.659333914488003359e+01
7.893705249611810082e+00 1.700057934558283357e-01 1.619771569974530578e+01
8.101911649376848601e+00 2.823703382357081182e-01 1.658275363465558172e+01
7.866861213942488718e+00 2.029026141689944662e-01 1.612454732139984870e+01
8.124313862795705887e+00 2.586611410705677017e-01 1.664091453259837294e+01
7.895380816725409368e+00 1.938185763879869405e-01 1.625760066119535452e+01
8.129467767954253077e+00 2.886190352639217416e-01 1.661408097556691033e+01
7.883124075580177248e+00 2.086715409783435060e-01 1.618192303576454805e+01
8.076120540048654206e+00 2.452683028701230228e-01 1.655171799961676626e+01
7.910217131956246206e+00 2.065581536462126611e-01 1.625133578597883499e+01
8.127330782835072043e+00 2.833541663965334356e-01 1.665581725452851458e+01
7.888407758643492862e+00 1.901113382999564116e-01 1.619269657667531703e+01
8.137438320684868387e+00 2.769048843031263196e-01 1.661012048897468674e+01
7.929577213255908141e+00 2.252127103725800605e-01 1.625140038992372737e+01
8.139247549252734970e+00 2.378163471735870171e-01 1.668351168369745352e+01
7.910578940911584311e+00 2.338403266150617110e-01 1.623073657085181765e+01
8.078675944999890390e+00 2.435293150637390935e-01 1.656154765602498813e+01
7.903387423081732699e+00 2.252648390467526518e-01 1.620693260042196826e+01
8.157665405779209067e+00 2.582523445247375538e-01 1.668422818472433988e+01
7.956162802390588595e+00 2.241823755975789201e-01 1.630581741687963415e+01
8.102541379700156199e+00 2.385781953009714906e-01 1.661184392444475932e+01
7.874816420612405388e+00 2.289639273340561831e-01 1.614797645570295614e+01
8.070630314992021326e+00 2.338230044173843503e-01 1.654134753939718294e+01
7.937608969712977469e+00 2.320248726488387536e-01 1.628259087145149664e+01
