142.596437 49.440867 44.04
139.486634 49.043981 48.88
143.840446 47.091109 50.91
141.771831 46.359489 47.27
144.271648 42.603354 44.36
142.541300 42.570500 50.62
144.881448 41.439236 43.26
146.057798 40.220714 41.61
143.482581 39.134007 45.47
143.913227 38.853250 51.21
146.447585 37.553258 34.87
148.586324 37.191956 42.81
142.909363 37.002696 43.01
146.008547 36.265846 39.53
150.579833 26.598017 33.61
150.243511 25.826153 31.17
150.647213 25.247547 30.83
151.892507 24.831492 32.09
150.544334 24.257983 30.89
153.996368 19.222735 27.84
153.698975 19.125864 25.86
154.238008 18.790623 23.06
154.824925 18.226018 28.42
154.469145 17.427796 30.16
154.295002 17.131504 26.71
156.791313 15.992450 26.84
158.493827 9.235715  24.13
160.996538 3.565153  29.87
161.045184 0.876656  28.26
161.622376 0.491299  21.31
162.349340 -2.609458 23.05
