5.922606376643479109e+00 2.020067036665472993e-01 1.460127243585246148e+01
5.913425794829514359e+00 1.825091791155348253e-01 1.456535590938640290e+01
6.178511628696892188e+00 2.116211919162876431e-01 1.486812460156416904e+01
5.887921323915501048e+00 1.905855458121947787e-01 1.452792475432814712e+01
6.146574337200711113e+00 2.062059535800572219e-01 1.478770392358704555e+01
5.654300735610043205e+00 -4.823085136443790999e-01 1.428281194635189522e+01
6.570038597464364472e+00 1.794219787008242695e-01 1.518855834407920113e+01
6.231306245106383201e+00 2.537658986339534906e-01 1.482875875489417083e+01
5.158845762211678121e+00 -1.028228981496093652e+00 1.390202349171340224e+01
7.616958217001160492e+00 2.791781363642090175e-01 1.628672662551192474e+01
5.936406977703869714e+00 2.756648226282088832e+00 1.366306370131046499e+01
6.778423321394171808e+00 3.168687557166959934e+00 1.410859953173414283e+01
4.847235533835423382e+00 -9.998936426993102478e-01 1.356243593947937143e+01
5.489410900264454440e+00 -1.193123238660752428e+00 1.434128219898191858e+01
6.860342046988275655e+00 2.244529728535664403e-01 1.556800189049792493e+01
4.392443270174126724e+00 1.964095967329498316e-01 1.298829646148624128e+01
4.744663367864674797e+00 -2.280754404206696062e+00 1.363506659588582970e+01
8.481772339607871913e+00 8.260345618112848953e+00 1.214244061468405000e+01
6.289326205762078459e+00 4.821599807366480084e-01 1.490281981798670152e+01
7.267596357780089278e+00 5.090822452647913110e+00 1.334177276628795994e+01
5.535640900395558006e+00 -1.286512312164495686e+00 1.416091292553468683e+01
7.216345562750070997e+00 1.774103068469464084e+00 1.550755524260637763e+01
8.359537636851808173e+00 6.795304137597669047e+00 1.309595927732090281e+01
7.172961605713155109e+00 2.474800810382877359e+00 1.521057143153112357e+01
7.387240290477119942e+00 2.602647541720603641e+00 1.521418376976988540e+01
7.591082183933442806e+00 3.560902006366896799e+00 1.477828943505385340e+01
7.355240987633177241e+00 2.648696632451202682e+00 1.517898000981662499e+01
